-3.336658 -70.553963 843.803772 0.008694
5.355598 -14.807602 849.831177 0.008691
4.448397 -33.809013 844.846252 0.008714
7.342925 -55.497128 851.335144 0.008690
-0.742687 -70.804070 843.659119 0.008683
3.025266 -14.128744 849.315857 0.008728
3.037635 -33.581726 854.346008 0.008721
6.860857 -54.142017 854.685669 0.008728
1.387196 -70.739845 844.286194 0.008684
9.616933 -14.777381 851.638794 0.008686
-0.958981 -34.862808 843.958313 0.008683
7.271946 -53.492210 849.921509 0.008691
4.554018 -70.990318 846.541626 0.008696
3.404332 -14.462334 849.517151 0.008732
3.002496 -34.839573 844.121094 0.008684
6.993084 -55.153893 854.078003 0.008669
-3.366723 -70.218941 843.812866 0.007946
2.813330 -13.465029 848.975342 0.008684
4.485537 -34.815380 844.837952 0.008682
1.663722 -53.306652 843.927612 0.008684
5.920570 -70.968895 849.219910 0.008631
0.778989 -13.913218 845.824341 0.008056
6.297985 -33.096317 846.244080 0.008708
1.183731 -52.980965 843.854614 0.008670
6.257105 -70.972412 850.885498 0.008631
2.017856 -13.826404 848.206360 0.008711
2.940319 -32.927933 853.419556 0.008667
3.956980 -52.920513 844.931580 0.008692
5.721059 -71.023865 854.745361 0.008676
4.034138 -34.508125 857.934021 0.008642
7.414756 -53.147816 850.776855 0.008705
-1.964810 -69.501183 843.638062 0.007458
9.698616 -13.770661 851.568176 0.008456
-0.324444 -33.514668 843.930420 0.008642
5.829963 -52.871712 846.742493 0.008640
1.427647 -69.733353 844.253967 0.008714
9.669478 -13.432603 851.587280 0.008652
2.014663 -32.833332 843.957153 0.008634
7.517770 -52.806973 851.182434 0.007265
-2.561093 -69.184402 843.663086 0.008718
9.277643 -14.341789 853.921509 0.008721
6.605414 -32.418507 846.480896 0.008542
0.277747 -52.328873 843.606689 0.008679
0.619885 -70.092011 843.965820 0.008167
0.839586 -13.203319 846.658508 0.008642
4.504884 -32.803802 844.791260 0.006891
-1.595836 -52.698849 843.676392 0.008649
1.079011 -70.078094 844.068970 0.008641
1.942153 -13.147470 848.262207 0.008728
5.792896 -32.777061 845.675598 0.008720
0.759957 -52.654709 843.691650 0.008636
6.060387 -70.632332 849.602173 0.008673
3.461144 -13.114471 849.448730 0.007749
3.123261 -32.580559 853.746521 0.008641
0.844123 -51.982857 843.617554 0.007705
2.822312 -69.360001 845.030640 0.008726
9.409156 -13.210436 848.838989 0.008641
3.563198 -32.551090 854.850403 0.008384
7.503503 -52.139259 850.693420 0.008651
-1.378266 -68.140717 843.661133 0.008347
9.714641 -13.119031 851.055908 0.008646
3.533931 -33.215778 855.366577 0.008664
3.957119 -51.915455 844.937622 0.006816
-0.289099 -68.107651 843.706543 0.008639
9.670251 -12.465672 850.579529 0.007340
-0.398798 -31.832169 843.946289 0.008703
5.848830 -52.536320 846.746460 0.008657
5.014974 -69.305550 847.070374 0.008641
3.114055 -12.781485 849.238037 0.007689
3.717125 -32.143528 844.467285 0.008295
6.852589 -51.834980 848.319031 0.008640
0.193359 -68.763954 843.826843 0.008638
9.665851 -12.779310 851.111694 0.008612
5.445394 -32.112560 845.471619 0.008641
7.522577 -51.799442 851.139526 0.008553
1.103554 -69.072197 844.045410 0.008643
0.346029 -11.514707 846.509583 0.008626
3.130715 -31.591316 852.746582 0.008642
7.551748 -52.463108 852.140869 0.008657
3.785871 -67.995026 845.677673 0.008654
-0.257823 -11.882738 845.650208 0.007483
4.574607 -31.515505 855.489563 0.008703
2.539984 -51.277531 844.137390 0.008650
-2.659230 -67.844292 843.713989 0.008644
1.835563 -11.791485 848.326721 0.008640
5.652193 -31.471857 857.047974 0.008642
6.147984 -51.188602 846.987549 0.008658
5.851244 -69.291664 848.804810 0.008663
9.762539 -11.372756 852.476562 0.008635
3.405810 -31.478954 844.243958 0.008683
-0.924747 -51.679096 843.611389 0.008681
3.535984 -68.670647 845.421875 0.007428
9.115474 -11.914687 847.643616 0.008645
3.188570 -31.254089 852.705261 0.008662
7.105724 -51.105167 854.472778 0.007396
1.412319 -67.723953 844.264648 0.008660
9.820638 -11.733577 851.957214 0.008656
5.108516 -31.161810 856.009827 0.008640
5.663755 -51.537373 846.397095 0.008034
6.136258 -69.287994 849.523132 0.008641
-0.138224 -11.189534 846.080505 0.007095
1.421803 -30.820385 843.906311 0.007297
7.502445 -51.467690 850.686768 0.008642
5.036065 -68.634987 847.054077 0.007377
2.039902 -31.154518 843.930847 0.007576
-0.360552 -50.326096 843.591125 0.008649
2.551147 -70.371475 844.812744 0.008642
9.068031 -12.249054 847.666077 0.006851
3.314465 -30.580233 852.598816 0.008646
2.973158 -50.263386 844.268127 0.008649
5.167139 -68.633339 847.429504 0.008646
-0.302877 -10.506840 846.183716 0.008679
1.942282 -29.810190 843.959717 0.007927
1.676435 -49.953495 843.894470 0.008636
5.271939 -67.959633 847.328674 0.008640
-0.061087 -10.832985 846.518372 0.008646
-0.295913 -30.487436 843.888794 0.008643
0.793360 -49.635277 843.634216 0.008386
6.302979 -68.614365 849.860535 0.007225
9.507508 -11.990101 853.709229 0.008641
2.525880 -30.479265 844.030945 0.008653
2.646217 -49.265404 844.059204 0.007347
-1.369900 -66.126717 843.624207 0.008664
3.113359 -10.754994 849.208801 0.007798
6.182771 -31.095312 845.819946 0.008642
6.018805 -49.854225 846.596863 0.008642
6.272041 -69.311096 853.299866 0.007120
9.297784 -10.872620 848.459656 0.007799
2.473989 -29.472563 844.004028 0.008643
2.540549 -49.601471 844.138733 0.008509
0.672792 -66.403824 843.898987 0.007870
9.846234 -10.747607 851.406738 0.008642
3.729181 -30.466261 844.437805 0.008646
5.555633 -49.198025 845.996765 0.008647
1.893536 -66.035027 844.333557 0.008648
9.029918 -10.565951 847.726624 0.008652
4.221083 -30.462246 844.554749 0.008497
-0.304871 -48.982681 843.534790 0.008379
6.389407 -69.628342 851.254578 0.007942
9.176425 -10.217108 848.052856 0.007687
3.276427 -50.591125 844.491943 0.008641
5.667701 -67.616264 847.953613 0.008638
9.558098 -10.642714 853.650696 0.008644
6.091524 -29.403332 846.344543 0.008645
7.493163 -50.133877 849.722046 0.007814
4.442564 -66.973007 846.088562 0.008649
9.836386 -10.455161 850.420532 0.007043
3.539032 -29.894909 852.910095 0.008644
7.453422 -49.759228 853.655457 0.008646
-1.974971 -65.136932 843.614441 0.008684
-0.912163 -9.821721 846.191772 0.008648
4.550916 -29.849503 854.499268 0.008669
5.512751 -49.533127 846.047363 0.008653
5.843013 -69.671219 854.626038 0.008663
1.272404 -9.754925 848.330200 0.007312
4.271606 -30.194689 854.268616 0.008662
7.703239 -49.094624 852.435120 0.007441
5.161066 -70.308495 847.452087 0.007064
-1.497466 -8.801592 846.120911 0.008666
5.060884 -30.171732 855.061890 0.008643
2.131943 -48.603977 843.973328 0.007369
6.352753 -69.977165 852.762817 0.008164
1.220689 -9.076729 848.349426 0.008645
5.101572 -29.169626 854.590576 0.008657
2.068385 -50.951447 844.032593 0.008645
6.468861 -67.946510 851.188232 0.008660
8.403648 -8.946957 846.214905 0.008693
0.884779 -29.141588 843.858765 0.008641
6.641348 -48.829105 847.512146 0.008680
0.206086 -65.411171 843.779663 0.008647
9.559725 -8.846094 848.744263 0.008668
4.183190 -29.120234 844.548645 0.008681
6.028321 -48.514267 846.561707 0.006749
5.727431 -65.939186 847.930969 0.008695
9.744645 -9.799395 850.010254 0.007520
5.887052 -28.753820 845.594238 0.008651
7.496814 -50.100197 853.148560 0.008488
-2.001694 -64.466118 843.612183 0.008644
9.651128 -9.633514 853.597351 0.008671
3.432849 -28.583372 851.480835 0.008642
5.675454 -50.867065 846.400635 0.008678
6.203311 -65.929749 848.945740 0.008314
0.037486 -9.446659 847.290466 0.007571
4.405988 -28.521000 853.625244 0.008525
6.907073 -50.828667 848.257019 0.008630
1.507390 -64.370277 844.143982 0.008671
-2.091740 -8.115531 846.122192 0.008650
-0.455434 -28.466045 843.959717 0.008648
7.763139 -48.768143 851.455688 0.008652
5.991928 -70.295593 849.158447 0.008682
0.298677 -8.059355 848.096436 0.007945
2.983019 -28.462692 844.079224 0.008654
7.540862 -48.748344 853.573975 0.008648
6.465145 -68.960617 852.151489 0.007868
9.009078 -9.559648 847.681152 0.007183
7.330649 -48.467976 848.869324 0.008644
2.271669 -65.019905 844.480347 0.008669
9.790693 -9.464914 849.979797 0.007435
5.439506 -28.162306 854.322632 0.008620
7.679438 -48.449108 850.054749 0.008276
6.540025 -65.927185 850.618286 0.008059
9.212991 -8.201649 848.036438 0.008668
2.490053 -27.793652 843.985596 0.008650
7.753823 -48.421383 852.408325 0.008662
6.152005 -67.638588 854.361267 0.008647
9.576786 -8.174876 848.721863 0.007618
3.008768 -26.448919 844.039612 0.008655
7.621831 -50.777073 852.515381 0.008709
3.626170 -64.984421 845.302795 0.007545
9.924988 -7.986861 852.804810 0.008645
3.322782 -48.245224 844.428406 0.008541
5.873277 -67.651459 855.133606 0.008570
9.712074 -8.287345 853.519959 0.008660
2.552074 -27.122805 843.950989 0.008652
3.332093 -47.910164 844.407288 0.008654
6.004779 -70.334564 853.985413 0.007379
-1.578507 -7.420160 846.675659 0.008648
4.197302 -27.106695 844.537903 0.008652
5.274213 -47.865288 845.726379 0.008683
5.100668 -66.288200 846.980835 0.008004
-2.430417 -7.083036 846.355774 0.008656
1.476994 -27.460711 843.856812 0.008667
7.678695 -48.113594 850.046387 0.008492
-0.800921 -62.419704 843.620605 0.007998
0.167325 -7.375191 848.201233 0.008658
7.511460 -48.075066 853.584717 0.008655
6.242951 -64.922813 848.924438 0.008647
9.849069 -7.807631 849.462280 0.008663
5.342113 -27.398706 846.013855 0.008524
7.767862 -47.748867 852.373840 0.008686
-1.423427 -62.771698 843.644836 0.007972
7.896007 -7.287523 845.633057 0.008657
0.179869 -47.630852 843.644104 0.008655
5.519474 -66.278839 847.606506 0.008653
9.394573 -7.180966 848.349609 0.008651
4.939031 -26.505625 853.175781 0.008684
2.605754 -47.254593 844.072510 0.008654
6.487091 -66.262421 850.187561 0.008654
9.890588 -7.472791 849.442688 0.008649
3.837215 -27.212191 852.138611 0.008649
4.748655 -47.544331 845.205505 0.008658
6.097692 -64.947083 854.902588 0.008679
-1.785391 -6.729007 846.892029 0.008651
6.692766 -47.488293 847.455750 0.008658
1.442934 -65.712593 844.216187 0.008664
0.103876 -6.694954 848.241272 0.008683
6.337350 -27.144005 854.466797 0.008654
7.077539 -47.474640 848.105713 0.008653
6.152719 -67.301735 854.362976 0.008683
-0.422361 -6.012861 848.153870 0.008255
6.719915 -26.140495 854.141663 0.008646
7.848968 -47.075729 852.306641 0.008671
6.367303 -68.279701 850.292480 0.008406
7.646424 -6.625980 845.338867 0.008658
3.837058 -28.119827 844.327393 0.008185
7.291072 -47.389816 854.799133 0.008654
6.456333 -68.285820 851.684509 0.008093
8.168630 -6.602960 845.991211 0.008653
5.746343 -28.080898 845.659973 0.008650
4.142440 -46.888695 844.753845 0.008074
1.486696 -64.035782 844.165283 0.008653
-1.232356 -4.996866 847.853943 0.007870
4.871713 -27.840830 853.750977 0.008652
5.338600 -46.860119 845.660522 0.008666
6.476195 -66.276115 853.107239 0.008205
8.777977 -5.223783 846.917664 0.008672
2.501910 -25.778353 843.971741 0.008651
6.061547 -46.838711 846.522583 0.008675
-0.858552 -62.085571 843.662292 0.008653
10.174123 -6.025565 851.601685 0.008686
6.931272 -46.810688 847.749329 0.008670
3.621591 -64.314842 845.304993 0.008648
9.848269 -6.798356 849.459229 0.008658
5.178488 -25.498180 852.976074 0.008671
7.905983 -46.751389 851.301209 0.008066
3.038573 -63.994823 844.822144 0.008659
10.042817 -6.764169 850.229431 0.008647
4.998651 -26.077309 845.295349 0.008669
6.132768 -45.833076 846.476868 0.007842
0.662091 -61.711086 843.849121 0.008647
10.027958 -6.643561 852.706299 0.008660
7.165300 -45.797981 848.025635 0.008114
4.742498 -64.286575 846.284241 0.008651
-2.175506 -5.690089 847.211609 0.008646
1.506910 -25.445276 843.806274 0.008671
7.832763 -45.763027 849.920776 0.008656
1.113012 -61.699581 843.967224 0.008691
8.573499 -5.907626 846.608765 0.008171
4.517136 -25.375086 846.218750 0.008656
7.728497 -46.435009 849.985596 0.008644
5.235881 -63.939548 846.854858 0.008663
-1.552229 -5.342220 847.611450 0.008621
4.705456 -46.204304 845.239380 0.008663
1.568437 -61.352779 844.067017 0.008667
-1.313950 -4.651880 847.943970 0.008284
3.877427 -25.099962 844.280029 0.008646
6.941394 -46.140034 847.748840 0.008645
4.242752 -62.624615 845.745544 0.008658
-1.080692 -4.641965 848.225159 0.007844
3.760186 -24.424768 844.381165 0.008718
7.636403 -45.709911 853.992493 0.008679
0.768345 -60.702663 843.769959 0.008652
10.022675 -5.439168 849.784851 0.008653
1.343430 -45.600952 843.638062 0.008658
1.136240 -61.028549 843.940918 0.008648
8.576431 -4.901998 846.561829 0.008650
5.628629 -45.512154 845.936462 0.008668
6.630644 -64.589241 852.971252 0.008647
10.215185 -4.705777 851.048218 0.008725
8.689758 -25.121304 854.458374 0.008669
7.837676 -45.427429 849.910461 0.008649
6.579695 -63.910625 850.074768 0.008645
-1.997267 -3.957737 848.007568 0.008686
6.872380 -24.149878 853.026428 0.008658
1.340191 -44.259041 843.622620 0.008522
5.464933 -63.264011 847.128357 0.008695
9.024421 -4.541513 847.207397 0.008646
8.038819 -24.795477 854.041260 0.008650
3.408021 -44.223019 844.336914 0.008700
5.474409 -62.258881 847.100525 0.009251
10.088750 -4.433303 849.730041 0.009243
-0.361533 -43.273289 843.530884 0.008648
4.016779 -60.955807 845.444763 0.008650
10.226398 -4.368928 851.050049 0.009226
4.055458 -24.016575 846.587830 0.008652
4.505161 -45.206375 844.904785 0.009236
4.554875 -61.611988 845.950134 0.008693
10.187464 -4.079319 850.106323 0.008662
0.871551 -23.760233 843.851929 0.008657
0.259812 -43.937725 843.533813 0.008687
6.452294 -65.255043 849.717712 0.008677
10.003017 -3.780355 849.301880 0.008648
6.099830 -45.163528 846.454590 0.009235
6.722265 -62.564560 849.986938 0.009226
9.854234 -3.460400 848.924988 0.008175
4.828597 -43.858829 845.116272 0.008664
3.738328 -60.627956 845.189392 0.008654
10.370427 -3.364370 850.978638 0.008665
0.302760 -44.609211 843.506226 0.009211
6.763050 -62.227982 849.927307 0.009245
9.089638 -3.200750 847.157227 0.008659
5.434353 -43.844643 845.565247 0.009165
6.657879 -65.259277 852.461243 0.007956
5.744245 -2.629279 843.958191 0.008353
7.409167 -23.476427 853.031433 0.008659
0.755315 -42.923798 843.590698 0.008679
6.492392 -65.268089 853.572632 0.009086
6.432789 -2.953378 844.449036 0.009245
0.164392 -23.417990 843.940613 0.007781
6.820352 -44.135899 847.342651 0.008384
4.599903 -60.606159 845.927979 0.008692
6.956664 -2.934636 845.006531 0.008660
0.140381 -23.080715 843.952881 0.008680
7.908281 -43.413528 849.824707 0.009078
6.440335 -65.590820 849.729919 0.009139
9.353360 -2.833206 847.858521 0.009192
3.382344 -23.085934 844.199951 0.007752
1.276004 -42.916763 843.669067 0.008670
-1.451790 -59.750622 843.617249 0.008678
10.207325 -2.759147 849.600525 0.008948
8.099967 -44.055546 851.609924 0.009115
6.600285 -64.245598 850.062500 0.009195
6.965004 -2.265978 844.942993 0.008677
4.544713 -22.839815 851.549805 0.008932
6.440607 -43.815315 846.685425 0.009137
6.404389 -61.900913 848.758240 0.008376
9.049082 -22.803881 853.161621 0.008300
8.141077 -43.366810 852.610046 0.008910
4.270856 -61.284325 845.711670 0.008224
9.826925 -2.138500 848.458252 0.007750
7.974774 -23.139875 853.068420 0.008449
6.206895 -42.816952 846.409119 0.008719
6.885149 -61.890911 852.233704 0.008685
3.054533 -44.900234 844.179199 0.008674
2.000951 -59.666592 844.166077 0.008719
3.925061 -20.844513 850.562439 0.006212
8.085808 -43.719234 851.624329 0.008653
-2.107342 -60.102329 843.672852 0.009029
6.746637 -20.822615 851.625793 0.009062
6.617362 -44.478333 847.027344 0.009089
-1.471860 -59.079414 843.645203 0.008878
6.650462 0.162874 846.198181 0.007604
7.587102 -44.435032 849.127930 0.008659
5.047202 -62.939327 846.542480 0.008377
7.264499 0.229183 847.652771 0.008370
3.074925 -22.420824 843.963745 0.008958
8.173505 -42.702972 852.027832 0.007185
-0.858679 -58.393589 843.621460 0.008749
0.822725 -21.741144 843.847961 0.009062
-0.394196 -42.601292 843.550598 0.008787
6.582362 -65.599831 853.011414 0.008672
7.816224 -0.116189 847.719299 0.008720
1.462273 -22.082630 843.797974 0.008730
2.672001 -42.561283 843.946960 0.008582
6.702706 -60.887543 849.476746 0.006912
6.239138 -42.481892 846.379395 0.008972
5.828072 -59.234913 847.300903 0.008838
6.657383 0.580343 847.664246 0.009166
8.129023 -42.391022 850.595642 0.009219
-2.129989 -57.750759 843.664062 0.008804
6.531435 0.953313 848.258301 0.006826
3.495710 -22.215631 849.926209 0.009001
1.405479 -42.245930 843.560730 0.008828
4.048729 -58.610725 845.388000 0.009001
3.235289 -21.332996 846.229126 0.007941
5.702607 -42.161751 845.834412 0.008818
6.864759 -59.206005 849.815979 0.007990
5.824473 1.705714 849.350952 0.008418
6.256634 -22.154173 852.070190 0.008743
7.998356 -42.071148 849.732971 0.008963
5.307511 -61.258080 846.785522 0.009268
5.153621 2.457380 850.408264 0.009242
3.399757 -21.908236 849.048279 0.008212
0.814590 -41.916782 843.543762 0.008717
6.772527 -60.885712 849.877075 0.009053
3.517011 3.306903 852.728088 0.008603
4.166852 -21.510445 850.869507 0.008575
4.597141 -41.521248 844.770691 0.008610
6.755500 -63.239178 852.366821 0.008910
5.445827 -21.824594 851.726074 0.009263
5.429610 -41.834217 845.554138 0.009262
5.109051 -60.258312 846.453857 0.008838
9.090049 -21.812090 852.604431 0.009169
7.321448 -41.439747 847.846008 0.008964
5.374027 -60.251606 846.719666 0.008865
9.227582 -21.482206 852.424622 0.008560
7.628494 -41.759048 848.589905 0.008813
1.578314 -58.336285 844.031189 0.009001
9.374909 -21.151299 852.276978 0.009167
1.814411 -40.562069 843.674377 0.008847
3.841050 -57.946533 845.068542 0.008835
2.872383 -20.327097 846.054443 0.009024
2.252163 -41.226452 843.806030 0.009180
7.023663 -60.543091 851.640686 0.008973
4.335407 -20.165308 850.732178 0.008935
4.277323 -41.192947 844.567627 0.009007
-0.806680 -57.049858 843.565979 0.008880
1.447346 -19.726801 843.824219 0.008850
5.219312 -41.171730 845.234680 0.008757
5.794860 -59.570721 847.319702 0.008891
3.876290 -40.864288 844.419006 0.008831
4.123512 -58.274246 845.342041 0.008252
0.784471 -20.730066 843.880127 0.008857
8.276072 -40.376034 850.482239 0.008829
6.772617 -60.548454 853.307617 0.008805
2.552562 -19.323158 845.826599 0.008996
8.084049 -41.064178 849.673462 0.009013
7.032236 -58.529144 850.642517 0.008813
3.758492 -19.505407 850.206970 0.008853
8.072315 -40.728619 849.668884 0.008884
6.890420 -60.882187 852.722900 0.008932
0.889348 -39.902592 843.488037 0.008838
2.446554 -57.645569 844.288086 0.008900
3.058793 -19.214243 848.830139 0.008849
4.981547 -40.173069 844.989319 0.008894
2.790997 -57.637119 844.484314 0.008662
1.446452 -19.054449 843.808472 0.008944
5.833903 -39.817009 845.692383 0.008881
6.639724 -58.529572 854.388367 0.008518
2.136666 -19.044010 844.218994 0.008956
7.437026 -40.098343 847.785706 0.008955
-0.297800 -57.374069 843.597473 0.008789
3.500285 -19.852194 849.913696 0.008830
1.339898 -38.889931 843.573120 0.008939
4.299483 -58.939270 845.652832 0.008966
1.767625 -37.876556 843.721802 0.008063
1.219853 -56.333572 843.850708 0.008167
2.428951 -18.982643 845.900940 0.008047
2.276898 -38.207188 843.782349 0.008994
0.285232 -55.012878 843.615540 0.008989
2.526870 -18.948215 846.832520 0.008353
4.922925 -37.827404 844.981873 0.008092
2.457552 -56.305031 844.281921 0.008850
3.355073 -18.852177 849.537048 0.008211
6.619477 -38.118347 846.513916 0.008008
2.441987 -55.970284 844.276367 0.008818
7.048191 -18.830200 850.835266 0.008879
7.029450 -37.767162 847.131958 0.007608
5.799909 -58.900486 847.333069 0.007470
9.189614 -19.775797 853.002930 0.008799
7.080511 -38.773277 847.103943 0.008948
6.491846 -58.881523 848.648743 0.008600
2.466670 -18.608793 846.881042 0.007544
7.573644 -38.748852 848.132874 0.008792
1.610089 -55.654137 843.985046 0.008970
3.343732 -18.514210 849.540466 0.008792
8.180042 -38.715321 849.565796 0.008789
1.195185 -56.669338 843.856628 0.008888
2.325786 -18.249140 847.437988 0.008798
6.140390 -38.469139 845.929565 0.008895
6.947012 -61.216984 851.710999 0.008903
3.828765 -18.157030 850.146790 0.007645
7.026588 -58.861061 852.620178 0.008872
6.791659 -18.163517 850.586914 0.008695
3.527210 -39.194939 844.212036 0.008616
6.978532 -60.207390 852.659729 0.008741
9.491438 -18.140556 851.738037 0.008876
2.290741 -39.549606 843.757996 0.008746
4.408897 -55.922539 845.537781 0.008826
2.187818 -17.942743 846.608337 0.008674
7.234908 -39.100380 847.454041 0.008868
7.135779 -58.188656 851.522217 0.008938
4.680030 -17.814922 850.436951 0.008786
6.125494 -39.474415 845.946350 0.008382
4.739831 -56.249504 845.751099 0.008849
9.548721 -17.805676 851.700745 0.008706
8.230073 -39.377403 850.024353 0.008906
5.950658 -55.882145 847.170776 0.008910
1.835319 -16.599150 846.399475 0.008940
4.600394 -37.499283 844.749756 0.008903
-0.832150 -54.364544 843.558838 0.007559
1.548433 -16.982191 845.176880 0.008800
2.152456 -36.863602 843.878784 0.008755
2.081516 -55.308578 844.081116 0.008690
0.857126 -15.981967 844.749268 0.008753
0.075733 -37.217857 843.658508 0.008789
6.668185 -61.224194 853.908569 0.006904
1.966149 -15.871967 847.730713 0.008688
6.307157 -36.785030 846.250916 0.008968
5.980082 -56.216759 847.139587 0.008852
1.006208 -15.630935 845.128540 0.009001
7.359719 -36.744629 847.791931 0.008891
5.664669 -56.559521 846.920227 0.008716
1.371825 -15.608388 845.770996 0.008678
-1.359047 -36.215679 843.764465 0.008681
7.231718 -56.842815 851.450562 0.006785
8.992493 -16.532253 849.720642 0.008941
2.882020 -36.552803 857.895508 0.009012
5.762026 -54.882668 846.839294 0.008979
7.374039 -16.841225 850.048218 0.008740
3.182079 -36.532906 858.722900 0.008682
7.206747 -55.839912 850.487915 0.008676
9.681817 -15.868817 849.655518 0.008671
6.297255 -36.449371 846.269409 0.007903
2.093516 -53.967831 844.060059 0.007907
0.730923 -17.362997 843.881653 0.009003
7.307900 -37.079727 847.827332 0.009004
7.230232 -56.175282 850.460632 0.008996
2.640320 -36.253448 856.140808 0.008690
6.982579 -56.840107 853.609558 0.008540
1.451322 -17.334684 844.759583 0.008685
6.546311 -36.106682 846.532593 0.008676
7.092123 -54.839989 849.600647 0.009014
3.716978 -15.469122 849.756897 0.008979
3.299749 -35.866962 858.075256 0.009004
7.032413 -56.502510 853.566040 0.008690
4.069543 -15.464371 849.960327 0.008693
1.634408 -35.860752 843.823364 0.008996
6.920695 -56.165779 854.127747 0.008698
3.572554 -17.490717 849.854431 0.008271
4.117831 -35.828442 844.625305 0.008678
7.152436 -57.182011 851.032349 0.008680
9.588172 -15.491465 850.642212 0.008689
4.807025 -35.480114 845.025391 0.009026
5.099954 -54.566334 845.936951 0.008700
2.504478 -35.179554 844.040405 0.009001
6.926269 -55.828785 854.124512 0.008996
9.536516 -17.131762 851.705750 0.009002
5.477576 -35.129978 845.511230 0.008682
7.183197 -57.176468 852.439209 0.008703
3.321815 -16.149281 849.551453 0.008600
6.936231 -35.083778 847.171570 0.008996
3.974804 -53.590176 844.922607 0.008697
3.445726 -35.529770 857.934570 0.008703
6.771842 -54.517876 848.433289 0.008705
3.535399 -34.876049 856.823486 0.008746
6.162037 -55.541264 847.458252 0.008732
1.581315 -15.221053 847.043152 0.008765
-1.658497 -34.527180 844.053223 0.008483
6.615138 -53.852814 848.062805 0.008757
5.303182 -15.142106 849.889526 0.008690
3.778298 -34.492069 844.468811 0.008845
7.235735 -54.163845 849.963562 0.008837
9.039120 -14.984746 854.650696 0.008538
5.462042 -34.459602 845.498230 0.008326
6.391688 -55.199623 847.788086 0.008679
2.079728 -14.843442 848.137634 0.008897
6.589462 -34.095158 846.496338 0.009171
7.365571 -54.489006 851.298462 0.008590
0.229156 -14.288499 844.780945 0.008317
3.199147 -34.226921 855.655640 0.008120
6.706065 -55.524788 848.465149 0.008472
4.207172 -14.795478 849.833130 0.006746
4.018736 -34.180653 857.436401 0.006157
7.222889 -55.503925 850.483826 0.004875
