-3.336658 -70.553963 843.803772 115.027366 115.027366 115.027366
5.355598 -14.807602 849.831177 115.060759 115.060759 115.060759
4.448397 -33.809013 844.846252 114.756339 114.756339 114.756339
7.342925 -55.497128 851.335144 115.072905 114.689791 114.689791
-0.742687 -70.804070 843.659119 115.162730 115.162730 115.162730
3.025266 -14.128744 849.315857 114.567683 114.567683 114.567683
3.037635 -33.581726 854.346008 114.665853 114.665853 114.665853
6.860857 -54.142017 854.685669 114.578846 114.578846 114.578846
1.387196 -70.739845 844.286194 115.154615 115.154615 115.154615
9.616933 -14.777381 851.638794 115.125614 115.125614 115.125614
-0.958981 -34.862808 843.958313 115.171880 115.171880 115.171880
7.271946 -53.492210 849.921509 115.062108 115.062108 115.062108
4.554018 -70.990318 846.541626 114.994584 114.994584 114.994584
3.404332 -14.462334 849.517151 114.521693 114.521693 114.521693
3.002496 -34.839573 844.121094 115.155517 115.155517 115.155517
6.993084 -55.153893 854.078003 115.359750 115.189513 115.189513
-3.366723 -70.218941 843.812866 125.854286 115.195001 115.195001
2.813330 -13.465029 848.975342 115.151766 115.151766 115.151766
4.485537 -34.815380 844.837952 115.185509 115.185509 115.185509
1.663722 -53.306652 843.927612 115.153385 115.153385 115.153385
5.920570 -70.968895 849.219910 115.860971 115.860971 115.860971
0.778989 -13.913218 845.824341 124.127285 115.151498 115.151498
6.297985 -33.096317 846.244080 114.834423 114.834423 114.834423
1.183731 -52.980965 843.854614 115.342717 115.342717 115.342717
6.257105 -70.972412 850.885498 115.860215 115.860215 115.860215
2.017856 -13.826404 848.206360 114.792301 114.792301 114.792301
2.940319 -32.927933 853.419556 115.377951 115.377951 115.377951
3.956980 -52.920513 844.931580 115.045952 115.045952 115.045952
5.721059 -71.023865 854.745361 115.261208 115.261208 115.261208
4.034138 -34.508125 857.934021 115.714155 115.714155 115.714155
7.414756 -53.147816 850.776855 114.873550 114.873550 114.873550
-1.964810 -69.501183 843.638062 134.092121 119.973009 115.659043
9.698616 -13.770661 851.568176 118.260199 114.643904 114.643904
-0.324444 -33.514668 843.930420 115.715496 115.715496 115.715496
5.829963 -52.871712 846.742493 115.743526 115.743526 115.743526
1.427647 -69.733353 844.253967 114.752259 114.752259 114.752259
9.669478 -13.432603 851.587280 115.581045 115.581045 115.581045
2.014663 -32.833332 843.957153 115.822133 115.822133 115.822133
7.517770 -52.806973 851.182434 137.640913 117.375387 115.503920
-2.561093 -69.184402 843.663086 114.700651 114.700651 114.700651
9.277643 -14.341789 853.921509 114.660942 114.660942 114.660942
6.605414 -32.418507 846.480896 117.065295 114.623213 114.623213
0.277747 -52.328873 843.606689 115.225409 115.225409 115.225409
0.619885 -70.092011 843.965820 122.444348 115.650450 115.650450
0.839586 -13.203319 846.658508 115.717837 115.717837 115.717837
4.504884 -32.803802 844.791260 145.106524 122.922319 115.584230
-1.595836 -52.698849 843.676392 115.617446 115.617446 115.617446
1.079011 -70.078094 844.068970 115.722334 115.722334 115.722334
1.942153 -13.147470 848.262207 114.569127 114.569127 114.569127
5.792896 -32.777061 845.675598 114.685435 114.601425 114.601425
0.759957 -52.654709 843.691650 115.791895 115.791895 115.791895
6.060387 -70.632332 849.602173 115.302176 115.302176 115.302176
3.461144 -13.114471 849.448730 129.050234 117.649155 115.137703
3.123261 -32.580559 853.746521 115.730134 115.730134 115.730134
0.844123 -51.982857 843.617554 129.779691 117.291766 115.127295
2.822312 -69.360001 845.030640 114.600545 114.600545 114.600545
9.409156 -13.210436 848.838989 115.726561 115.726561 115.726561
3.563198 -32.551090 854.850403 119.271679 115.547129 115.547129
7.503503 -52.139259 850.693420 115.596034 115.596034 115.596034
-1.378266 -68.140717 843.661133 119.803009 115.559796 115.559796
9.714641 -13.119031 851.055908 115.653984 115.653984 115.653984
3.533931 -33.215778 855.366577 115.416428 115.416428 115.416428
3.957119 -51.915455 844.937622 146.710419 124.188947 115.499584
-0.289099 -68.107651 843.706543 115.754495 115.754495 115.754495
9.670251 -12.465672 850.579529 136.248822 127.503087 115.126028
-0.398798 -31.832169 843.946289 114.898735 114.898735 114.898735
5.848830 -52.536320 846.746460 115.514182 115.043688 115.043688
5.014974 -69.305550 847.070374 115.726207 115.726207 115.726207
3.114055 -12.781485 849.238037 130.058504 117.082406 115.114337
3.717125 -32.143528 844.467285 120.561350 115.485271 115.485271
6.852589 -51.834980 848.319031 115.746882 115.746882 115.746882
0.193359 -68.763954 843.826843 115.765466 115.765466 115.765466
9.665851 -12.779310 851.111694 116.115807 115.081050 115.081050
5.445394 -32.112560 845.471619 115.728499 115.728499 115.728499
7.522577 -51.799442 851.139526 116.922140 115.611024 115.611024
1.103554 -69.072197 844.045410 115.697386 115.697386 115.697386
0.346029 -11.514707 846.509583 115.933076 115.642285 115.642285
3.130715 -31.591316 852.746582 115.707826 115.707826 115.707826
7.551748 -52.463108 852.140869 115.517965 115.517965 115.517965
3.785871 -67.995026 845.677673 115.548618 115.548618 115.548618
-0.257823 -11.882738 845.650208 133.641186 116.041411 115.102912
4.574607 -31.515505 855.489563 114.903647 114.903647 114.903647
2.539984 -51.277531 844.137390 115.604458 115.604458 115.604458
-2.659230 -67.844292 843.713989 115.682564 115.682564 115.682564
1.835563 -11.791485 848.326721 115.741318 115.741318 115.741318
5.652193 -31.471857 857.047974 115.716937 115.716937 115.716937
6.147984 -51.188602 846.987549 115.500073 115.500073 115.500073
5.851244 -69.291664 848.804810 115.430337 115.430337 115.430337
9.762539 -11.372756 852.476562 115.813519 115.813519 115.813519
3.405810 -31.478954 844.243958 115.172712 115.172712 115.172712
-0.924747 -51.679096 843.611389 115.193528 115.193528 115.193528
3.535984 -68.670647 845.421875 134.629048 116.621730 115.066659
9.115474 -11.914687 847.643616 115.670210 115.670210 115.670210
3.188570 -31.254089 852.705261 115.450746 115.450746 115.450746
7.105724 -51.105167 854.472778 135.201276 124.986068 115.552535
1.412319 -67.723953 844.264648 115.475171 115.475171 115.475171
9.820638 -11.733577 851.957214 115.520967 115.520967 115.520967
5.108516 -31.161810 856.009827 115.736149 115.736149 115.736149
5.663755 -51.537373 846.397095 124.468927 115.201744 115.201744
6.136258 -69.287994 849.523132 115.732145 115.732145 115.732145
-0.138224 -11.189534 846.080505 140.940913 119.922120 115.543994
1.421803 -30.820385 843.906311 137.048854 123.369541 115.468346
7.502445 -51.467690 850.686768 115.713909 115.713909 115.713909
5.036065 -68.634987 847.054077 135.562165 118.054780 115.524837
2.039902 -31.154518 843.930847 131.989196 115.661643 115.101954
-0.360552 -50.326096 843.591125 115.615298 115.615298 115.615298
2.551147 -70.371475 844.812744 115.716900 115.716900 115.716900
9.068031 -12.249054 847.666077 145.972393 127.615501 115.017490
3.314465 -30.580233 852.598816 115.659883 115.659883 115.659883
2.973158 -50.263386 844.268127 115.619395 115.619395 115.619395
5.167139 -68.633339 847.429504 115.658310 115.658310 115.658310
-0.302877 -10.506840 846.183716 115.224168 115.224168 115.224168
1.942282 -29.810190 843.959717 126.158004 115.081004 115.081004
1.676435 -49.953495 843.894470 115.788555 115.788555 115.788555
5.271939 -67.959633 847.328674 115.744298 115.744298 115.744298
-0.061087 -10.832985 846.518372 115.658076 115.658076 115.658076
-0.295913 -30.487436 843.888794 115.697691 115.697691 115.697691
0.793360 -49.635277 843.634216 119.245429 114.564758 114.564758
6.302979 -68.614365 849.860535 138.405979 123.544609 115.492750
9.507508 -11.990101 853.709229 115.728379 115.728379 115.728379
2.525880 -30.479265 844.030945 115.566989 115.566989 115.566989
2.646217 -49.265404 844.059204 136.114861 126.430964 115.086646
-1.369900 -66.126717 843.624207 115.422024 115.422024 115.422024
3.113359 -10.754994 849.208801 128.236369 119.321496 115.128525
6.182771 -31.095312 845.819946 115.709674 115.709674 115.709674
6.018805 -49.854225 846.596863 115.712483 115.712483 115.712483
6.272041 -69.311096 853.299866 140.455527 124.065303 114.983612
9.297784 -10.872620 848.459656 128.222469 119.138197 114.893471
2.473989 -29.472563 844.004028 115.699928 115.699928 115.699928
2.540549 -49.601471 844.138733 117.518627 115.581151 115.581151
0.672792 -66.403824 843.898987 127.062786 115.477915 115.477915
9.846234 -10.747607 851.406738 115.715532 115.715532 115.715532
3.729181 -30.466261 844.437805 115.654180 115.654180 115.654180
5.555633 -49.198025 845.996765 115.646586 115.646586 115.646586
1.893536 -66.035027 844.333557 115.637358 115.637358 115.637358
9.029918 -10.565951 847.726624 115.582201 115.582201 115.582201
4.221083 -30.462246 844.554749 117.681703 115.506850 115.506850
-0.304871 -48.982681 843.534790 119.341423 115.265936 115.265936
6.389407 -69.628342 851.254578 125.917565 115.024076 115.024076
9.176425 -10.217108 848.052856 130.083927 115.075779 115.075779
3.276427 -50.591125 844.491943 115.726363 115.726363 115.726363
5.667701 -67.616264 847.953613 115.762957 114.823579 114.823579
9.558098 -10.642714 853.650696 115.684594 115.684594 115.684594
6.091524 -29.403332 846.344543 115.675815 115.675815 115.675815
7.493163 -50.133877 849.722046 127.969133 119.039732 115.441797
4.442564 -66.973007 846.088562 115.617512 115.617512 115.617512
9.836386 -10.455161 850.420532 141.993238 123.492598 115.061461
3.539032 -29.894909 852.910095 115.691750 115.691750 115.691750
7.453422 -49.759228 853.655457 115.665810 115.665810 115.665810
-1.974971 -65.136932 843.614441 115.160809 115.160809 115.160809
-0.912163 -9.821721 846.191772 115.632300 115.632300 115.632300
4.550916 -29.849503 854.499268 115.350672 115.350672 115.350672
5.512751 -49.533127 846.047363 115.560638 115.560638 115.560638
5.843013 -69.671219 854.626038 115.430353 115.430353 115.430353
1.272404 -9.754925 848.330200 136.758000 120.103915 115.085629
4.271606 -30.194689 854.268616 115.449832 115.449832 115.449832
7.703239 -49.094624 852.435120 134.393405 124.177610 115.024228
5.161066 -70.308495 847.452087 141.557158 115.072492 115.072492
-1.497466 -8.801592 846.120911 115.387337 115.387337 115.387337
5.060884 -30.171732 855.061890 115.703636 115.703636 115.703636
2.131943 -48.603977 843.973328 135.695567 117.051561 115.022140
6.352753 -69.977165 852.762817 122.489177 115.087824 115.087824
1.220689 -9.076729 848.349426 115.674529 115.674529 115.674529
5.101572 -29.169626 854.590576 115.508458 115.508458 115.508458
2.068385 -50.951447 844.032593 115.668993 115.668993 115.668993
6.468861 -67.946510 851.188232 115.469451 115.469451 115.469451
8.403648 -8.946957 846.214905 115.037890 115.037890 115.037890
0.884779 -29.141588 843.858765 115.721952 115.721952 115.721952
6.641348 -48.829105 847.512146 115.202847 115.202847 115.202847
0.206086 -65.411171 843.779663 115.644588 115.644588 115.644588
9.559725 -8.846094 848.744263 115.361659 115.361659 115.361659
4.183190 -29.120234 844.548645 115.195539 115.195539 115.195539
6.028321 -48.514267 846.561707 148.172740 128.626894 114.947115
5.727431 -65.939186 847.930969 115.012764 115.012764 115.012764
9.744645 -9.799395 850.010254 132.979357 114.992563 114.992563
5.887052 -28.753820 845.594238 115.588332 115.588332 115.588332
7.496814 -50.100197 853.148560 117.810987 115.512423 115.512423
-2.001694 -64.466118 843.612183 115.691702 115.691702 115.691702
9.651128 -9.633514 853.597351 115.326864 115.326864 115.326864
3.432849 -28.583372 851.480835 115.715423 115.715423 115.715423
5.675454 -50.867065 846.400635 115.228511 115.228511 115.228511
6.203311 -65.929749 848.945740 120.284186 115.422022 115.422022
0.037486 -9.446659 847.290466 132.078699 119.046934 114.796242
4.405988 -28.521000 853.625244 117.303701 115.456945 115.456945
6.907073 -50.828667 848.257019 115.869851 115.468014 115.468014
1.507390 -64.370277 844.143982 115.322585 115.322585 115.322585
-2.091740 -8.115531 846.122192 115.612890 115.612890 115.612890
-0.455434 -28.466045 843.959717 115.628302 115.628302 115.628302
7.763139 -48.768143 851.455688 115.574599 115.574599 115.574599
5.991928 -70.295593 849.158447 115.176138 115.176138 115.176138
0.298677 -8.059355 848.096436 125.870868 114.605643 114.605643
2.983019 -28.462692 844.079224 115.555060 115.555060 115.555060
7.540862 -48.748344 853.573975 115.639026 115.639026 115.639026
6.465145 -68.960617 852.151489 127.092237 114.160803 114.160803
9.009078 -9.559648 847.681152 139.217509 124.444345 115.034254
7.330649 -48.467976 848.869324 115.688187 115.688187 115.688187
2.271669 -65.019905 844.480347 115.350772 115.350772 115.350772
9.790693 -9.464914 849.979797 134.500743 118.110113 114.337349
5.439506 -28.162306 854.322632 116.011096 115.586798 115.586798
7.679438 -48.449108 850.054749 120.834796 115.359070 115.359070
6.540025 -65.927185 850.618286 124.087733 115.133952 114.747433
9.212991 -8.201649 848.036438 115.373091 115.373091 115.373091
2.490053 -27.793652 843.985596 115.604403 115.604403 115.604403
7.753823 -48.421383 852.408325 115.441630 115.441630 115.441630
6.152005 -67.638588 854.361267 115.649551 115.649551 115.649551
9.576786 -8.174876 848.721863 131.267129 114.803132 114.803132
3.008768 -26.448919 844.039612 115.537882 115.537882 115.537882
7.621831 -50.777073 852.515381 114.819707 114.819707 114.819707
3.626170 -64.984421 845.302795 132.529415 117.921728 115.036419
9.924988 -7.986861 852.804810 115.674891 115.674891 115.674891
3.322782 -48.245224 844.428406 117.078768 115.182880 115.182880
5.873277 -67.651459 855.133606 116.689408 115.399716 115.399716
9.712074 -8.287345 853.519959 115.473058 115.473058 115.473058
2.552074 -27.122805 843.950989 115.581004 115.581004 115.581004
3.332093 -47.910164 844.407288 115.558582 115.558582 115.558582
6.004779 -70.334564 853.985413 135.528143 123.389932 115.050581
-1.578507 -7.420160 846.675659 115.636780 115.636780 115.636780
4.197302 -27.106695 844.537903 115.577751 115.577751 115.577751
5.274213 -47.865288 845.726379 115.162919 115.162919 115.162919
5.100668 -66.288200 846.980835 124.933848 115.108013 115.108013
-2.430417 -7.083036 846.355774 115.532568 115.532568 115.532568
1.476994 -27.460711 843.856812 115.379984 115.379984 115.379984
7.678695 -48.113594 850.046387 117.751321 115.162274 115.162274
-0.800921 -62.419704 843.620605 125.037562 115.167263 115.167263
0.167325 -7.375191 848.201233 115.498982 115.498982 115.498982
7.511460 -48.075066 853.584717 115.533668 115.533668 115.533668
6.242951 -64.922813 848.924438 115.648973 115.648973 115.648973
9.849069 -7.807631 849.462280 115.433331 115.433331 115.433331
5.342113 -27.398706 846.013855 117.311972 115.001223 115.001223
7.767862 -47.748867 852.373840 115.125559 115.125559 115.125559
-1.423427 -62.771698 843.644836 125.433695 114.755191 114.755191
7.896007 -7.287523 845.633057 115.518873 115.518873 115.518873
0.179869 -47.630852 843.644104 115.536074 115.536074 115.536074
5.519474 -66.278839 847.606506 115.560187 115.560187 115.560187
9.394573 -7.180966 848.349609 115.590330 115.590330 115.590330
4.939031 -26.505625 853.175781 115.152872 115.152872 115.152872
2.605754 -47.254593 844.072510 115.558193 115.124047 115.124047
6.487091 -66.262421 850.187561 115.548955 115.548955 115.548955
9.890588 -7.472791 849.442688 115.623898 115.623898 115.623898
3.837215 -27.212191 852.138611 115.625971 115.625971 115.625971
4.748655 -47.544331 845.205505 115.500703 115.500703 115.500703
6.097692 -64.947083 854.902588 115.216048 115.216048 115.216048
-1.785391 -6.729007 846.892029 115.599356 115.599356 115.599356
6.692766 -47.488293 847.455750 115.494051 115.494051 115.494051
1.442934 -65.712593 844.216187 115.418822 115.418822 115.418822
0.103876 -6.694954 848.241272 115.163476 115.163476 115.163476
6.337350 -27.144005 854.466797 115.555454 115.555454 115.555454
7.077539 -47.474640 848.105713 115.566719 115.566719 115.566719
6.152719 -67.301735 854.362976 115.162155 115.162155 115.162155
-0.422361 -6.012861 848.153870 121.138019 115.236596 115.236596
6.719915 -26.140495 854.141663 115.655982 115.655982 115.655982
7.848968 -47.075729 852.306641 115.328810 115.328810 115.328810
6.367303 -68.279701 850.292480 118.959062 115.375595 115.375595
7.646424 -6.625980 845.338867 115.493516 115.493516 115.493516
3.837058 -28.119827 844.327393 122.175839 114.742639 114.742639
7.291072 -47.389816 854.799133 115.555598 115.555598 115.555598
6.456333 -68.285820 851.684509 123.558573 114.681459 114.681459
8.168630 -6.602960 845.991211 115.570436 115.570436 115.570436
5.746343 -28.080898 845.659973 115.604711 115.604711 115.604711
4.142440 -46.888695 844.753845 123.853080 115.557504 115.387065
1.486696 -64.035782 844.165283 115.569924 115.569924 115.569924
-1.232356 -4.996866 847.853943 127.061683 115.434935 115.434935
4.871713 -27.840830 853.750977 115.580712 115.580712 115.580712
5.338600 -46.860119 845.660522 115.400019 115.400019 115.400019
6.476195 -66.276115 853.107239 121.876080 115.424948 115.424948
8.777977 -5.223783 846.917664 115.311582 115.311582 115.311582
2.501910 -25.778353 843.971741 115.591149 115.591149 115.591149
6.061547 -46.838711 846.522583 115.273630 115.273630 115.273630
-0.858552 -62.085571 843.662292 115.563687 115.563687 115.563687
10.174123 -6.025565 851.601685 115.127464 115.127464 115.127464
6.931272 -46.810688 847.749329 115.342977 115.342977 115.342977
3.621591 -64.314842 845.304993 115.632751 115.632751 115.632751
9.848269 -6.798356 849.459229 115.493493 115.493493 115.493493
5.178488 -25.498180 852.976074 115.326354 115.326354 115.326354
7.905983 -46.751389 851.301209 123.971625 114.931654 114.931654
3.038573 -63.994823 844.822144 115.487022 115.487022 115.487022
10.042817 -6.764169 850.229431 115.642078 115.642078 115.642078
4.998651 -26.077309 845.295349 115.357188 115.357188 115.357188
6.132768 -45.833076 846.476868 127.513339 115.416707 115.416707
0.662091 -61.711086 843.849121 115.644449 115.644449 115.644449
10.027958 -6.643561 852.706299 115.468110 115.468110 115.468110
7.165300 -45.797981 848.025635 123.237477 115.439170 115.439170
4.742498 -64.286575 846.284241 115.593089 115.593089 115.593089
-2.175506 -5.690089 847.211609 115.664264 115.664264 115.664264
1.506910 -25.445276 843.806274 115.329332 115.329332 115.329332
7.832763 -45.763027 849.920776 115.523503 115.523503 115.523503
1.113012 -61.699581 843.967224 115.055831 115.055831 115.055831
8.573499 -5.907626 846.608765 122.379989 115.172502 115.172502
4.517136 -25.375086 846.218750 115.524172 115.524172 115.524172
7.728497 -46.435009 849.985596 115.692729 115.692729 115.692729
5.235881 -63.939548 846.854858 115.436309 115.436309 115.436309
-1.552229 -5.342220 847.611450 115.989112 115.429026 115.429026
4.705456 -46.204304 845.239380 115.431486 115.431486 115.431486
1.568437 -61.352779 844.067017 115.385310 115.385310 115.385310
-1.313950 -4.651880 847.943970 120.714807 115.219599 115.219599
3.877427 -25.099962 844.280029 115.662742 115.662742 115.662742
6.941394 -46.140034 847.748840 115.675307 115.675307 115.675307
4.242752 -62.624615 845.745544 115.505276 115.505276 115.505276
-1.080692 -4.641965 848.225159 127.486774 114.801804 114.801804
3.760186 -24.424768 844.381165 114.707406 114.707406 114.707406
7.636403 -45.709911 853.992493 115.219203 115.219203 115.219203
0.768345 -60.702663 843.769959 115.580197 115.580197 115.580197
10.022675 -5.439168 849.784851 115.573506 115.573506 115.573506
1.343430 -45.600952 843.638062 115.500331 115.500331 115.500331
1.136240 -61.028549 843.940918 115.635026 115.635026 115.635026
8.576431 -4.901998 846.561829 115.611550 115.611550 115.611550
5.628629 -45.512154 845.936462 115.366741 115.366741 115.366741
6.630644 -64.589241 852.971252 115.651524 115.651524 115.651524
10.215185 -4.705777 851.048218 114.618560 114.618560 114.618560
8.689758 -25.121304 854.458374 115.354065 115.354065 115.354065
7.837676 -45.427429 849.910461 115.614152 115.614152 115.614152
6.579695 -63.910625 850.074768 115.677015 115.677015 115.677015
-1.997267 -3.957737 848.007568 115.125585 115.125585 115.125585
6.872380 -24.149878 853.026428 115.499712 115.499712 115.499712
1.340191 -44.259041 843.622620 117.343205 114.628111 114.628111
5.464933 -63.264011 847.128357 115.012183 115.012183 115.012183
9.024421 -4.541513 847.207397 115.654615 115.654615 115.654615
8.038819 -24.795477 854.041260 115.604402 115.604402 115.604402
3.408021 -44.223019 844.336914 114.945353 114.945353 114.945353
5.474409 -62.258881 847.100525 108.091365 108.091365 108.091365
10.088750 -4.433303 849.730041 108.194744 108.194744 108.194744
-0.361533 -43.273289 843.530884 115.640193 115.640193 115.640193
4.016779 -60.955807 845.444763 115.611460 115.611460 115.611460
10.226398 -4.368928 851.050049 108.390128 108.390128 108.390128
4.055458 -24.016575 846.587830 115.580845 115.580845 115.580845
4.505161 -45.206375 844.904785 108.275227 108.275227 108.275227
4.554875 -61.611988 845.950134 115.036589 114.982499 114.982499
10.187464 -4.079319 850.106323 115.443672 115.443672 115.443672
0.871551 -23.760233 843.851929 115.512404 115.512404 115.512404
0.259812 -43.937725 843.533813 115.118403 115.118403 115.118403
6.452294 -65.255043 849.717712 115.253372 115.253372 115.253372
10.003017 -3.780355 849.301880 115.634350 115.634350 115.634350
6.099830 -45.163528 846.454590 108.284258 108.284258 108.284258
6.722265 -62.564560 849.986938 108.387396 108.387396 108.387396
9.854234 -3.460400 848.924988 122.323488 114.774868 114.774868
4.828597 -43.858829 845.116272 115.423684 115.423684 115.423684
3.738328 -60.627956 845.189392 115.554939 115.554939 115.554939
10.370427 -3.364370 850.978638 115.404082 115.404082 115.404082
0.302760 -44.609211 843.506226 108.564989 108.564989 108.564989
6.763050 -62.227982 849.927307 108.164451 108.164451 108.164451
9.089638 -3.200750 847.157227 115.487786 115.487786 115.487786
5.434353 -43.844643 845.565247 109.109535 109.109535 109.109535
6.657879 -65.259277 852.461243 125.697193 114.832655 114.832655
5.744245 -2.629279 843.958191 119.722458 115.176197 115.176197
7.409167 -23.476427 853.031433 115.491689 115.491689 115.491689
0.755315 -42.923798 843.590698 115.219363 115.219363 115.219363
6.492392 -65.268089 853.572632 110.061760 110.061760 110.061760
6.432789 -2.953378 844.449036 108.169230 108.169230 108.169230
0.164392 -23.417990 843.940613 128.513965 116.606147 114.791745
6.820352 -44.135899 847.342651 119.277597 115.142368 115.142368
4.599903 -60.606159 845.927979 115.049224 115.049224 115.049224
6.956664 -2.934636 845.006531 115.470190 115.470190 115.470190
0.140381 -23.080715 843.952881 115.208340 115.208340 115.208340
7.908281 -43.413528 849.824707 110.153648 110.153648 110.153648
6.440335 -65.590820 849.729919 109.424618 109.424618 109.424618
9.353360 -2.833206 847.858521 108.790360 108.790360 108.790360
3.382344 -23.085934 844.199951 129.006422 114.914760 114.914760
1.276004 -42.916763 843.669067 115.346467 115.346467 115.346467
-1.451790 -59.750622 843.617249 115.236603 115.236603 115.236603
10.207325 -2.759147 849.600525 111.752671 111.752671 111.752671
8.099967 -44.055546 851.609924 109.708321 109.708321 109.708321
6.600285 -64.245598 850.062500 108.754838 108.754838 108.754838
6.965004 -2.265978 844.942993 115.250342 115.250342 115.250342
4.544713 -22.839815 851.549805 111.960414 111.960414 111.960414
6.440607 -43.815315 846.685425 109.447780 109.447780 109.447780
6.404389 -61.900913 848.758240 119.391428 115.147006 115.147006
9.049082 -22.803881 853.161621 120.482166 115.118535 115.118535
8.141077 -43.366810 852.610046 112.231143 112.231143 112.231143
4.270856 -61.284325 845.711670 121.596004 115.113020 115.113020
9.826925 -2.138500 848.458252 129.035153 115.191491 115.049162
7.974774 -23.139875 853.068420 118.360589 115.242529 115.242529
6.206895 -42.816952 846.409119 114.690874 114.690874 114.690874
6.885149 -61.890911 852.233704 115.135012 115.135012 115.135012
3.054533 -44.900234 844.179199 115.283844 114.726472 114.726472
2.000951 -59.666592 844.166077 114.697210 114.697210 114.697210
3.925061 -20.844513 850.562439 160.967421 145.342546 137.771991
8.085808 -43.719234 851.624329 115.566266 112.325595 112.325595
-2.107342 -60.102329 843.672852 110.754840 110.754840 110.754840
6.746637 -20.822615 851.625793 110.353055 110.353055 110.353055
6.617362 -44.478333 847.027344 110.017888 110.017888 110.017888
-1.471860 -59.079414 843.645203 112.638717 110.532747 110.532747
6.650462 0.162874 846.198181 131.510179 115.607730 114.776841
7.587102 -44.435032 849.127930 115.488096 113.984041 113.984041
5.047202 -62.939327 846.542480 119.368674 111.700040 111.700040
7.264499 0.229183 847.652771 119.473237 113.262622 113.262622
3.074925 -22.420824 843.963745 111.638030 111.638030 111.638030
8.173505 -42.702972 852.027832 139.183557 124.413996 115.061802
-0.858679 -58.393589 843.621460 114.296804 114.296804 114.296804
0.822725 -21.741144 843.847961 110.355699 110.355699 110.355699
-0.394196 -42.601292 843.550598 113.805369 113.805369 113.805369
6.582362 -65.599831 853.011414 115.310196 113.249522 113.249522
7.816224 -0.116189 847.719299 114.680559 113.012929 113.012929
1.462273 -22.082630 843.797974 114.541157 113.179554 113.179554
2.672001 -42.561283 843.946960 116.529464 114.947838 114.947838
6.702706 -60.887543 849.476746 144.684299 134.596219 123.577413
6.239138 -42.481892 846.379395 111.464022 111.464022 111.464022
5.828072 -59.234913 847.300903 113.144806 113.144806 113.144806
6.657383 0.580343 847.664246 109.095386 109.095386 109.095386
8.129023 -42.391022 850.595642 108.467074 108.467074 108.467074
-2.129989 -57.750759 843.664062 113.584229 113.584229 113.584229
6.531435 0.953313 848.258301 146.494138 131.608547 120.141471
3.495710 -22.215631 849.926209 111.097518 111.097518 111.097518
1.405479 -42.245930 843.560730 113.270788 113.270788 113.270788
4.048729 -58.610725 845.388000 111.104591 111.104591 111.104591
3.235289 -21.332996 846.229126 125.921327 116.835239 111.741484
5.702607 -42.161751 845.834412 113.401785 113.401785 113.401785
6.864759 -59.206005 849.815979 125.160015 116.898245 115.964859
5.824473 1.705714 849.350952 118.791171 111.731402 111.731402
6.256634 -22.154173 852.070190 114.374496 111.559960 111.559960
7.998356 -42.071148 849.732971 111.574063 108.259668 108.259668
5.307511 -61.258080 846.785522 107.903690 107.903690 107.903690
5.153621 2.457380 850.408264 108.199534 108.199534 108.199534
3.399757 -21.908236 849.048279 121.768003 114.149375 110.722729
0.814590 -41.916782 843.543762 114.721235 112.552772 112.552772
6.772527 -60.885712 849.877075 110.464668 108.654488 108.654488
3.517011 3.306903 852.728088 116.233641 112.562204 112.562204
4.166852 -21.510445 850.869507 116.617212 112.532369 112.532369
4.597141 -41.521248 844.770691 116.144154 111.606617 111.606617
6.755500 -63.239178 852.366821 112.229268 112.229268 112.229268
5.445827 -21.824594 851.726074 107.955225 107.955225 107.955225
5.429610 -41.834217 845.554138 107.968426 107.968426 107.968426
5.109051 -60.258312 846.453857 113.143263 113.143263 113.143263
9.090049 -21.812090 852.604431 109.068859 109.068859 109.068859
7.321448 -41.439747 847.846008 111.560447 111.560447 111.560447
5.374027 -60.251606 846.719666 112.798500 110.795308 110.795308
9.227582 -21.482206 852.424622 116.824498 111.363334 111.363334
7.628494 -41.759048 848.589905 113.473375 113.473375 113.473375
1.578314 -58.336285 844.031189 111.098447 111.098447 111.098447
9.374909 -21.151299 852.276978 109.092694 109.092694 109.092694
1.814411 -40.562069 843.674377 113.038100 113.038100 113.038100
3.841050 -57.946533 845.068542 113.191353 113.017402 113.017402
2.872383 -20.327097 846.054443 110.812748 110.812748 110.812748
2.252163 -41.226452 843.806030 108.935524 107.964064 107.964064
7.023663 -60.543091 851.640686 111.442523 107.928296 107.928296
4.335407 -20.165308 850.732178 111.914950 108.106325 108.106325
4.277323 -41.192947 844.567627 111.025052 111.025052 111.025052
-0.806680 -57.049858 843.565979 112.616467 112.616467 112.616467
1.447346 -19.726801 843.824219 112.995252 111.193455 111.193455
5.219312 -41.171730 845.234680 114.196348 111.356624 111.356624
5.794860 -59.570721 847.319702 112.468825 111.513421 111.513421
3.876290 -40.864288 844.419006 113.236761 113.236761 113.236761
4.123512 -58.274246 845.342041 121.185367 113.426118 113.426118
0.784471 -20.730066 843.880127 112.900626 111.292371 111.292371
8.276072 -40.376034 850.482239 113.262744 111.406995 111.406995
6.772617 -60.548454 853.307617 113.569570 113.569570 113.569570
2.552562 -19.323158 845.826599 111.155686 111.155686 111.155686
8.084049 -41.064178 849.673462 110.955474 110.955474 110.955474
7.032236 -58.529144 850.642517 113.465778 113.465778 113.465778
3.758492 -19.505407 850.206970 112.959857 108.585765 108.585765
8.072315 -40.728619 849.668884 112.557838 108.551648 108.551648
6.890420 -60.882187 852.722900 111.957978 111.957978 111.957978
0.889348 -39.902592 843.488037 113.145604 113.145604 113.145604
2.446554 -57.645569 844.288086 112.358844 112.358844 112.358844
3.058793 -19.214243 848.830139 113.002196 113.002196 113.002196
4.981547 -40.173069 844.989319 112.431508 108.465102 108.465102
2.790997 -57.637119 844.484314 115.446807 107.956168 107.956168
1.446452 -19.054449 843.808472 111.801643 111.801643 111.801643
5.833903 -39.817009 845.692383 112.606204 111.631611 111.631611
6.639724 -58.529572 854.388367 117.393303 108.841527 108.498997
2.136666 -19.044010 844.218994 111.662774 111.662774 111.662774
7.437026 -40.098343 847.785706 111.665531 111.665531 111.665531
-0.297800 -57.374069 843.597473 113.784243 111.773973 111.773973
3.500285 -19.852194 849.913696 113.244079 113.244079 113.244079
1.339898 -38.889931 843.573120 111.865964 111.694800 111.694800
4.299483 -58.939270 845.652832 111.536785 111.536785 111.536785
1.767625 -37.876556 843.721802 124.024607 110.234908 108.755673
1.219853 -56.333572 843.850708 122.447980 112.494725 108.390711
2.428951 -18.982643 845.900940 124.263072 114.756608 111.376531
2.276898 -38.207188 843.782349 111.182650 111.182650 111.182650
0.285232 -55.012878 843.615540 111.246747 111.246747 111.246747
2.526870 -18.948215 846.832520 119.715284 113.377922 113.377922
4.922925 -37.827404 844.981873 123.573886 113.365153 112.816679
2.457552 -56.305031 844.281921 112.994406 112.994406 112.994406
3.355073 -18.852177 849.537048 121.787421 116.761902 109.972693
6.619477 -38.118347 846.513916 124.876137 111.949891 108.807469
2.441987 -55.970284 844.276367 113.405318 113.405318 113.405318
7.048191 -18.830200 850.835266 112.629433 112.629433 112.629433
7.029450 -37.767162 847.131958 131.445184 131.072505 123.704524
5.799909 -58.900486 847.333069 133.877255 114.123867 111.371262
9.189614 -19.775797 853.002930 113.644245 113.644245 113.644245
7.080511 -38.773277 847.103943 111.756463 111.607804 111.607804
6.491846 -58.881523 848.648743 116.280689 112.712842 112.712842
2.466670 -18.608793 846.881042 132.549743 122.732937 118.527556
7.573644 -38.748852 848.132874 113.744544 113.744544 113.744544
1.610089 -55.654137 843.985046 111.488067 111.488067 111.488067
3.343732 -18.514210 849.540466 113.745452 113.576400 113.576400
8.180042 -38.715321 849.565796 113.783346 113.630083 113.630083
1.195185 -56.669338 843.856628 112.512491 112.512491 112.512491
2.325786 -18.249140 847.437988 113.656077 113.656077 113.656077
6.140390 -38.469139 845.929565 112.421888 112.421888 112.421888
6.947012 -61.216984 851.710999 112.317967 112.317967 112.317967
3.828765 -18.157030 850.146790 130.797557 117.106250 112.730221
7.026588 -58.861061 852.620178 112.713371 112.713371 112.713371
6.791659 -18.163517 850.586914 115.007078 113.661913 113.661913
3.527210 -39.194939 844.212036 116.057972 113.820933 113.820933
6.978532 -60.207390 852.659729 114.397748 109.796736 109.796736
9.491438 -18.140556 851.738037 112.668601 112.668601 112.668601
2.290741 -39.549606 843.757996 114.336999 113.077358 113.077358
4.408897 -55.922539 845.537781 113.303742 113.303742 113.303742
2.187818 -17.942743 846.608337 115.282850 113.169733 113.169733
7.234908 -39.100380 847.454041 112.770308 112.770308 112.770308
7.135779 -58.188656 851.522217 111.877465 111.877465 111.877465
4.680030 -17.814922 850.436951 113.820310 113.785436 113.785436
6.125494 -39.474415 845.946350 119.297486 115.029158 115.029158
4.739831 -56.249504 845.751099 113.007412 112.851635 112.851635
9.548721 -17.805676 851.700745 114.861342 114.861342 114.861342
8.230073 -39.377403 850.024353 112.280901 112.280901 112.280901
5.950658 -55.882145 847.170776 112.236802 109.340876 109.340876
1.835319 -16.599150 846.399475 111.860332 111.860332 111.860332
4.600394 -37.499283 844.749756 112.318852 112.318852 112.318852
-0.832150 -54.364544 843.558838 132.287247 114.554394 114.554394
1.548433 -16.982191 845.176880 113.637279 113.637279 113.637279
2.152456 -36.863602 843.878784 114.223585 114.223585 114.223585
2.081516 -55.308578 844.081116 115.077415 115.077415 115.077415
0.857126 -15.981967 844.749268 114.250043 114.250043 114.250043
0.075733 -37.217857 843.658508 113.776844 113.776844 113.776844
6.668185 -61.224194 853.908569 144.843469 127.492429 114.943101
1.966149 -15.871967 847.730713 115.103645 115.103645 115.103645
6.307157 -36.785030 846.250916 111.509423 111.509423 111.509423
5.980082 -56.216759 847.139587 112.975069 112.975069 112.975069
1.006208 -15.630935 845.128540 111.095285 111.095285 111.095285
7.359719 -36.744629 847.791931 112.478058 112.478058 112.478058
5.664669 -56.559521 846.920227 114.727894 114.727894 114.727894
1.371825 -15.608388 845.770996 115.236981 115.236981 115.236981
-1.359047 -36.215679 843.764465 115.189787 115.189787 115.189787
7.231718 -56.842815 851.450562 147.380807 129.446834 114.976316
8.992493 -16.532253 849.720642 111.843933 111.843933 111.843933
2.882020 -36.552803 857.895508 110.967290 110.967290 110.967290
5.762026 -54.882668 846.839294 111.367206 111.367206 111.367206
7.374039 -16.841225 850.048218 114.413061 114.413061 114.413061
3.182079 -36.532906 858.722900 115.183514 115.183514 115.183514
7.206747 -55.839912 850.487915 115.266587 115.266587 115.266587
9.681817 -15.868817 849.655518 115.331135 115.331135 115.331135
6.297255 -36.449371 846.269409 126.539606 115.032055 115.032055
2.093516 -53.967831 844.060059 126.471031 117.085377 115.003757
0.730923 -17.362997 843.881653 111.078863 111.078863 111.078863
7.307900 -37.079727 847.827332 111.065139 111.065139 111.065139
7.230232 -56.175282 850.460632 111.164627 111.164627 111.164627
2.640320 -36.253448 856.140808 115.071720 115.071720 115.071720
6.982579 -56.840107 853.609558 117.094132 115.086255 115.086255
1.451322 -17.334684 844.759583 115.136608 115.136608 115.136608
6.546311 -36.106682 846.532593 115.254422 115.254422 115.254422
7.092123 -54.839989 849.600647 110.941917 110.941917 110.941917
3.716978 -15.469122 849.756897 111.366944 111.366944 111.366944
3.299749 -35.866962 858.075256 111.063319 111.063319 111.063319
7.032413 -56.502510 853.566040 115.068191 115.068191 115.068191
4.069543 -15.464371 849.960327 115.038589 115.038589 115.038589
1.634408 -35.860752 843.823364 111.164318 111.164318 111.164318
6.920695 -56.165779 854.127747 114.965492 114.965492 114.965492
3.572554 -17.490717 849.854431 120.909777 115.087517 115.087517
4.117831 -35.828442 844.625305 115.239750 115.239750 115.239750
7.152436 -57.182011 851.032349 115.210718 115.210718 115.210718
9.588172 -15.491465 850.642212 115.090158 115.090158 115.090158
4.807025 -35.480114 845.025391 110.796162 110.796162 110.796162
5.099954 -54.566334 845.936951 114.947843 114.947843 114.947843
2.504478 -35.179554 844.040405 111.099255 111.099255 111.099255
6.926269 -55.828785 854.124512 111.164318 111.164318 111.164318
9.536516 -17.131762 851.705750 111.087655 111.087655 111.087655
5.477576 -35.129978 845.511230 115.184404 115.184404 115.184404
7.183197 -57.176468 852.439209 114.900360 114.900360 114.900360
3.321815 -16.149281 849.551453 116.275713 115.060086 115.060086
6.936231 -35.083778 847.171570 111.164116 111.164116 111.164116
3.974804 -53.590176 844.922607 114.979998 114.979998 114.979998
3.445726 -35.529770 857.934570 114.897761 114.897761 114.897761
6.771842 -54.517876 848.433289 114.871352 114.871352 114.871352
3.535399 -34.876049 856.823486 114.333045 114.333045 114.333045
6.162037 -55.541264 847.458252 114.524070 114.524070 114.524070
1.581315 -15.221053 847.043152 114.092403 114.092403 114.092403
-1.658497 -34.527180 844.053223 117.882022 113.695803 113.695803
6.615138 -53.852814 848.062805 114.189391 114.189391 114.189391
5.303182 -15.142106 849.889526 115.078670 112.436204 112.436204
3.778298 -34.492069 844.468811 113.060249 113.060249 113.060249
7.235735 -54.163845 849.963562 113.161631 113.161631 113.161631
9.039120 -14.984746 854.650696 117.122672 113.463417 113.463417
5.462042 -34.459602 845.498230 120.112094 113.061322 113.061322
6.391688 -55.199623 847.788086 115.221134 112.405449 112.405449
2.079728 -14.843442 848.137634 112.394805 112.394805 112.394805
6.589462 -34.095158 846.496338 109.041578 109.041578 109.041578
7.365571 -54.489006 851.298462 116.418036 108.752490 108.433478
0.229156 -14.288499 844.780945 120.239058 108.991952 108.991952
3.199147 -34.226921 855.655640 123.147158 111.492159 109.030289
6.706065 -55.524788 848.465149 118.037960 116.204361 109.866102
4.207172 -14.795478 849.833130 148.238294 141.584855 136.851397
4.018736 -34.180653 857.436401 162.410203 144.578498 137.454056
7.222889 -55.503925 850.483826 205.124040 193.163574 189.104830
