11.806804 16.540426 6.076846
11.155819 11.992646 20.128052
12.726499 16.251689 2.361587
11.724614 17.740947 3.239351
8.021024 2.863247 15.433842
17.077195 17.604856 9.252703
1.303935 12.203393 7.348499
-0.018260 9.111233 10.581512
3.423414 2.990991 7.280068
7.986917 8.623284 21.476776
9.053713 17.796616 5.251719
12.106353 16.270329 16.683452
16.324369 8.261437 -0.947645
8.567934 18.309160 15.849350
5.260861 16.656349 4.648032
18.164320 11.887174 4.915221
8.291876 16.657031 16.743481
8.802942 3.024469 6.413481
7.650291 19.443186 8.318019
15.813383 9.616617 19.292867
15.110277 16.017384 3.775181
-0.906591 13.434698 5.898510
19.823485 14.520183 8.337065
12.158147 9.052135 0.357374
17.659874 6.393658 12.504200
2.641064 15.527359 5.231402
3.771652 6.043949 2.968043
17.137933 15.957455 5.185903
18.592632 4.831708 9.453297
2.459926 4.112480 9.678815
15.597822 3.392492 5.456173
2.027901 8.126644 3.979011
6.970386 3.706485 5.412238
18.591985 10.267780 13.756995
13.266920 5.739761 0.835928
12.882583 3.237355 14.395906
10.778136 5.899318 19.068594
3.764528 15.727224 2.860892
11.636730 13.283896 1.318446
13.132482 4.270967 16.142021
3.588405 13.445111 17.282660
5.213936 6.241350 2.103302
4.230943 12.261187 2.715584
3.236175 10.811877 2.174669
18.626327 7.484901 5.373430
10.846125 19.023086 10.606057
12.341409 14.286783 2.549191
6.651563 10.129215 17.559796
13.229647 15.430951 17.506696
13.478799 12.341827 20.484697
2.731178 15.590943 7.238442
3.237835 3.500238 4.654119
0.390825 15.740713 11.704060
20.892120 12.446415 7.164630
19.737061 13.302241 14.543516
8.692482 2.219338 4.396427
1.953934 13.790894 2.960447
4.814338 18.766767 14.039172
16.210586 3.175596 13.570859
2.081940 10.208347 5.055767
7.644596 5.106943 3.363176
13.897033 11.112888 0.802497
1.636889 17.381687 13.203448
8.332997 17.216071 4.688918
11.961058 3.200816 3.226916
2.678222 16.041040 13.622053
-0.855674 11.555840 11.629120
9.554538 17.503469 17.958391
1.877492 14.953295 8.808043
19.561772 6.735837 9.258668
11.287466 17.003496 4.751708
20.278953 15.811871 10.313704
9.902614 14.036544 17.694787
8.325325 14.273325 18.370050
9.580533 -0.765960 10.904434
6.536622 14.980597 17.511590
4.825917 12.162648 2.419389
8.569326 1.404288 6.453345
2.855839 6.549627 8.417123
0.707932 13.575282 13.210624
1.860120 10.196464 15.954216
14.415492 9.139854 16.694797
5.956473 18.412611 8.440924
14.645129 9.100414 18.408313
16.177896 16.980161 11.838882
18.468978 9.385781 17.835902
1.218058 9.211465 11.410843
8.834430 15.348685 3.177129
10.991923 13.185067 20.582690
10.254571 5.049009 20.067487
11.566743 6.138003 3.102738
6.640597 19.540013 10.219633
17.257816 3.540940 12.251466
17.226950 11.120922 2.037885
12.067607 1.812564 18.418871
12.336517 19.593797 6.241799
15.303463 10.817287 2.760216
3.609536 17.039158 11.719632
11.738863 10.060588 20.936372
15.899321 10.906872 19.297060
17.218859 10.150201 3.640322
19.978815 11.038192 9.891306
18.384928 5.641457 17.801170
7.256077 13.733428 1.937323
9.368498 20.267068 13.895322
17.833510 17.387458 11.894685
12.149383 20.967755 11.489478
11.541445 14.755628 1.685020
12.970504 2.079489 7.914768
2.202143 12.382755 3.832348
10.964289 3.140834 14.987869
5.873528 17.773515 5.225836
16.047307 12.408462 17.551779
5.250153 0.633491 10.331518
0.707932 9.542274 13.424982
18.928461 7.970288 12.431887
13.434985 13.458586 17.737564
19.885833 9.223442 16.238616
13.542029 18.170570 6.330548
11.850714 19.824391 9.748072
19.247249 6.645205 6.470966
12.776712 1.936857 4.177750
17.737265 15.889666 3.981545
6.806678 19.591179 11.335891
4.842357 16.926879 14.837317
20.442356 9.865499 9.751253
10.169356 5.914592 21.089773
1.159178 6.153970 7.353564
19.208996 7.446660 12.576915
2.734584 16.870319 12.054711
13.943932 17.188507 5.199912
11.446319 19.949294 11.359079
15.992232 14.403301 1.622634
7.166659 14.248633 19.107279
4.031039 19.762923 8.582895
18.935482 10.007505 13.524238
13.221788 16.232309 2.751526
11.998179 14.324655 18.296243
2.384975 7.216660 13.105436
5.749713 9.444890 16.940138
6.131685 1.432880 9.887531
9.609957 2.439277 6.148540
14.748070 11.101789 1.939502
9.309612 0.981382 12.047506
19.090290 11.825199 5.055468
15.493273 17.775654 16.541133
1.492605 7.389157 7.227196
1.660662 15.555578 11.575397
7.201651 2.174724 4.837670
6.584902 5.361815 18.887795
16.560520 16.800822 5.983034
3.150755 6.248507 4.420482
3.542802 15.616938 7.376687
3.660770 7.611748 4.398682
17.763715 4.719979 3.894158
4.806712 12.266628 17.764648
6.061775 1.340470 10.125437
19.531507 9.716422 11.271664
15.937425 13.984199 3.666820
4.254316 16.677644 16.168668
5.087409 11.820220 19.070820
8.133076 -0.198477 11.790268
4.245029 11.424152 3.983380
4.607818 6.853066 17.392781
12.161821 19.935282 11.627527
17.834394 5.512648 10.855430
20.864369 5.453144 9.031183
7.653566 20.233599 14.707939
9.996183 7.090946 19.619019
16.660801 3.274069 4.096404
2.196587 11.844322 4.069631
11.143642 11.911653 1.504740
16.631543 4.667136 5.005861
15.929319 9.210883 0.916145
16.827948 4.434262 9.289106
3.501293 9.081814 14.310398
7.732517 1.895045 16.536664
13.374437 10.054456 18.804259
11.839704 17.303342 3.680155
10.553438 9.140418 -0.989998
13.408311 2.728769 17.779511
4.867982 19.311903 7.605404
17.738391 14.614055 12.107536
20.708004 15.461445 7.892123
6.404548 2.113578 15.146856
14.722831 4.430691 3.248033
17.838625 12.653568 13.582089
17.710480 2.800123 7.995120
2.209717 2.749051 7.077573
10.082404 4.520320 18.284856
6.637641 13.243450 0.623104
3.249617 10.628548 18.785897
6.694183 10.337465 18.587628
17.622153 16.201917 13.165115
12.292173 13.217340 19.569578
4.725130 14.301235 15.891709
16.529611 2.188069 8.916339
5.203226 0.825113 8.837551
0.990080 5.326851 9.131933
11.724691 7.234507 20.318643
15.392152 3.570136 14.792957
2.548574 4.114291 14.744952
5.682575 7.301836 18.487052
14.561201 14.071275 2.949016
6.785737 14.927853 3.412582
16.755341 17.718025 9.542660
10.559745 12.910960 20.661575
15.607834 5.785954 2.758741
3.314930 7.312074 15.963420
8.569188 3.197099 17.188146
17.811369 6.392872 6.241156
5.547110 19.110222 3.914811
3.498516 4.054669 4.582951
9.281844 6.864006 19.228909
18.051163 6.104329 10.352854
16.642534 14.979511 3.366835
11.993561 14.681852 0.815127
8.689008 -0.578439 9.664294
16.920059 3.229164 11.899153
15.013587 10.663173 20.028541
19.186324 3.222063 6.510932
5.101411 13.247165 17.567979
15.612644 18.782695 9.320686
13.654468 2.867993 8.336153
5.525671 8.892002 19.403557
-0.146982 5.766629 11.072893
7.762422 14.691831 18.017465
8.811082 19.879718 14.031562
20.229976 14.959146 13.210646
12.677880 19.176698 6.141986
16.447767 4.827323 17.040292
6.952503 10.091192 19.740407
3.783220 9.386729 5.751014
16.012274 3.997031 15.129409
14.793432 1.401686 12.812564
10.337649 10.904540 -0.107176
6.894727 10.082889 18.768635
17.764236 12.049576 6.418851
4.253791 3.843072 15.750810
2.548470 5.392366 10.209648
6.856893 20.848516 11.945183
-2.761325 12.334789 8.328259
17.353287 7.408229 6.770696
5.847488 0.565867 6.454671
2.558992 16.838358 5.486414
19.757281 9.450023 7.201764
15.109052 8.183827 18.324068
8.925193 18.594381 2.835797
7.299592 6.241244 18.727431
5.592163 18.365664 14.359281
2.425149 17.977318 8.278716
12.061199 9.893205 -0.471349
11.325773 -0.107167 14.770417
4.436270 7.450532 18.170052
14.385900 -0.365941 10.460436
15.456394 17.154719 13.492973
13.893521 5.875179 15.994524
15.508161 7.327818 18.141814
3.510992 6.384996 13.519598
3.575454 2.290382 11.602380
3.639154 4.171567 11.508655
12.885717 5.820576 18.399299
17.620140 8.915603 0.622277
19.856749 6.335474 5.503723
11.408684 20.584017 4.982876
6.388794 1.278969 6.909470
21.110039 11.961085 8.961716
7.603580 12.718714 19.334468
11.515394 16.138340 4.875730
3.392240 6.253080 4.845843
11.181143 0.669948 7.571391
15.854235 14.732018 3.487037
4.411510 13.733980 16.443097
19.492949 12.727477 3.412226
4.301484 2.640018 7.600238
5.776325 4.477070 15.828567
0.768769 13.348731 10.314396
3.569112 8.323462 17.717283
3.160824 1.351968 10.652224
5.147757 8.604396 0.320809
13.606065 4.469699 2.286865
14.693163 19.146500 13.689540
15.392349 2.338311 9.799858
14.035447 1.544930 7.535746
2.260427 13.127558 13.683470
2.185432 8.401959 5.825343
11.852466 -0.429297 10.632965
19.677023 9.213049 7.625161
10.368246 13.036134 20.080264
11.404811 0.065694 14.594168
7.619834 18.691628 7.737641
12.132564 0.683718 6.117203
4.984317 17.212367 4.515777
2.044678 12.931650 15.955007
15.259746 16.616037 7.441315
7.579267 9.649805 -0.679759
18.412816 4.861817 8.845065
14.660195 2.658447 16.514019
12.781371 19.114912 16.361803
6.677336 6.809941 17.243196
15.243317 13.577560 17.102485
7.717774 10.162437 -0.687863
-0.003315 10.760983 9.135222
4.712505 1.498935 14.120216
16.057839 13.115166 4.884612
2.429016 16.716993 11.206807
0.044047 10.561375 7.881901
16.064552 -0.162054 8.269673
19.416968 15.189447 11.801308
9.515890 0.894770 12.383169
10.178259 19.493844 13.710825
16.742947 6.469979 15.949240
5.246264 14.787973 16.459821
16.662036 17.645790 8.762649
11.970167 1.927583 12.049025
15.388593 9.096728 0.496759
6.143692 0.624262 10.076118
17.518828 5.277160 3.032827
3.952555 7.577120 16.158723
2.331990 9.353819 16.376121
8.416883 1.432585 12.194017
0.975629 4.946206 9.063208
16.536202 11.425225 17.097685
3.847922 17.157335 14.000168
3.551095 18.128102 13.045346
0.235413 6.011937 6.632870
13.308167 17.639854 18.645494
17.319778 8.385103 13.850084
3.698811 10.078487 1.336613
8.371796 17.836691 16.003586
15.640690 13.581444 17.315204
20.073265 12.595106 7.516010
19.429829 6.968833 11.747925
18.853245 5.562338 15.255171
15.539621 19.739953 13.366704
7.844680 1.187085 13.863946
17.855045 16.555664 16.480956
-0.517818 8.136093 9.840192
4.511318 6.976061 2.594504
0.654529 7.136653 4.517311
7.372049 18.044036 8.035818
14.197841 2.196020 3.671332
2.306051 17.651833 9.518247
13.954521 2.021484 11.734971
16.554586 0.895131 14.563828
7.426228 9.265450 19.788339
12.870057 18.294568 16.480797
3.913198 18.547644 13.025725
5.130802 16.967888 5.106048
18.788231 12.249862 13.947408
16.643791 18.344364 14.035729
9.207391 2.252441 14.498941
0.607985 6.807487 10.799106
1.322802 13.154910 8.704404
13.687172 19.339715 9.627480
4.074355 20.360269 11.548415
11.031085 -0.505077 11.808293
7.347341 6.440231 0.347320
16.972980 16.526007 14.877617
6.770837 17.082002 4.088425
8.098125 10.230970 0.819177
5.394001 20.302439 9.743587
1.418936 7.032697 15.409856
7.276682 1.145556 8.014032
12.325956 5.335648 1.330822
1.735241 13.643819 16.968992
6.852887 14.405174 3.397566
5.516315 2.555288 13.515723
4.958343 2.191776 8.917306
9.752887 20.080268 8.610224
6.644042 15.995476 5.230140
7.477060 5.728354 17.219498
19.959120 13.763805 13.808701
10.380093 20.072218 4.266755
8.709810 4.431480 3.136735
3.143594 15.327714 15.081122
0.626126 13.037861 13.989699
9.276648 18.613192 14.499162
15.619473 13.461818 18.388315
5.308418 2.521984 7.346343
18.328693 5.866865 12.196499
0.544006 11.345553 5.986342
10.832520 12.855540 0.607716
10.987785 19.378612 12.288268
4.673896 15.351289 19.394440
3.650467 13.994140 2.995544
15.627485 16.103340 6.717573
17.570911 16.487526 10.054936
12.284472 0.311480 12.204257
14.827194 6.056239 18.465655
7.553932 1.436672 15.493294
7.760305 10.362414 -0.969807
10.363102 18.918197 14.558936
19.494573 12.839174 14.408805
4.757730 2.955873 13.735890
2.386379 9.910645 2.508843
16.931002 3.213435 5.638813
9.843500 9.058883 18.982232
10.867325 18.169151 17.250826
7.944071 8.418823 2.909741
2.051716 8.264750 10.619633
17.649229 8.874311 4.905391
15.112270 2.010021 10.720943
3.841535 20.284071 12.043123
3.179591 16.065603 7.656609
10.852279 10.202897 1.586490
12.427820 18.697439 7.019324
9.289533 0.603109 5.424414
16.258496 2.705149 8.017980
18.054633 6.253402 16.925918
18.589527 13.562752 9.602231
-0.323055 8.335782 9.843125
14.335592 8.417660 2.013114
11.637040 4.310914 20.318896
13.441098 1.857787 9.420770
16.357879 17.772371 10.517049
18.058073 9.802586 17.502634
12.760575 17.722498 6.628109
17.930068 4.157008 5.923139
17.732420 17.069802 13.213777
16.477244 13.687420 15.502904
8.498227 18.812645 9.972528
14.786230 15.610517 3.345928
11.619560 4.505510 14.861376
5.571701 4.342801 2.644543
19.842225 11.776980 9.794698
5.296331 5.755075 4.602992
15.315484 18.695511 11.475040
16.572631 1.956328 12.077161
17.391580 16.942170 7.539596
15.920795 2.599894 11.903793
13.327236 9.403712 2.285453
16.572449 15.695332 13.278974
15.513942 10.978070 19.520286
13.197176 8.131032 0.383686
7.286744 19.063613 13.711902
9.129498 3.788100 19.933258
14.065033 7.126760 17.742214
2.839824 9.559897 18.200592
10.474390 6.527467 1.313650
6.387533 4.806892 2.936074
16.572210 10.893005 4.792620
5.480887 12.202938 1.947128
10.697225 8.824057 1.064643
0.783631 5.199842 6.251373
4.354677 13.923577 19.014667
15.219626 4.545285 17.673292
18.937874 12.750568 14.028513
16.136865 2.047980 6.287578
13.455570 11.808592 21.464692
9.413660 20.369552 10.322181
6.947624 12.146891 21.526236
11.905448 15.141393 -0.505505
13.650453 13.720745 2.468586
12.625207 8.493465 0.918052
12.619340 9.240254 19.226459
18.934238 9.401595 5.109270
13.041506 1.263153 14.231417
9.078057 5.896609 16.963873
8.353392 16.017536 3.310727
9.807398 16.174065 0.344431
2.394546 10.322931 11.229079
14.630058 16.098782 1.369879
15.965346 15.075193 19.527074
9.697439 4.363877 17.788524
14.738457 3.034802 15.382200
13.127521 19.215190 10.009904
4.192863 7.936006 4.590759
18.331164 16.228608 6.982451
6.596065 16.200845 16.949300
12.840395 1.138513 6.282380
7.369562 11.882863 19.911637
17.535055 2.998446 11.166955
18.036807 9.460733 5.676814
3.479851 15.819772 16.097490
3.092544 6.559183 5.034824
2.460182 6.512212 12.245383
9.330414 11.916775 0.881040
15.452684 14.912349 8.109460
2.506341 12.540159 2.092030
-0.178659 11.040155 7.810476
9.546970 17.921142 14.692033
14.239547 19.473654 12.711301
8.005279 18.710404 15.236248
19.591485 4.840167 8.520297
11.294949 -0.739016 5.993147
8.633292 4.316682 17.894346
5.730209 3.740190 16.748001
8.175029 16.234290 16.003074
16.109060 12.640676 17.232639
20.261588 9.922504 8.581691
7.372736 5.670446 1.617249
12.306619 15.595722 19.772102
8.094139 8.181748 20.460736
6.102884 12.183652 19.384003
19.575721 6.724680 14.019385
2.144068 13.717009 12.994597
12.472679 17.815668 13.304670
5.469867 5.871834 2.590711
8.913476 -1.327826 14.366058
6.303114 17.673308 15.240508
0.698555 9.074647 3.339805
19.175782 4.425677 15.050285
11.544977 7.349141 -0.253158
-0.064987 7.548447 12.580492
16.733331 17.117773 5.793381
13.247052 2.777412 8.600954
16.695601 16.614016 4.423097
19.619240 13.211133 9.543224
6.342071 9.392632 1.479864
16.074446 1.979502 6.334294
18.987851 7.803287 5.480145
13.484076 19.586222 12.205874
16.013021 7.340979 0.841540
8.612068 8.333904 21.041129
7.159412 17.258332 17.408279
12.129644 -0.976789 10.457637
18.545278 13.228510 18.221899
10.803904 3.691993 19.345492
16.167108 10.982586 16.722985
14.201438 15.989752 17.256087
12.670742 0.463301 8.552615
11.703862 7.693356 -0.897210
2.098779 6.545867 7.168413
13.239081 0.872916 7.324699
5.890842 1.590723 13.757760
7.235471 11.967824 1.630516
1.046659 12.564476 5.982137
3.056828 14.961867 7.029131
8.344884 17.531187 17.497228
14.478989 18.039499 15.585032
16.482557 14.376539 3.371811
10.824061 11.799976 0.490252
8.877214 -1.308140 6.279451
13.001562 10.297445 0.976276
11.176751 1.626963 10.233992
14.189557 20.440211 6.932085
19.924834 9.736754 10.742871
7.814025 17.261147 18.435496
1.263860 10.692455 15.524176
6.465190 17.810207 9.271997
20.039770 10.470899 17.136090
11.152038 15.962097 17.229907
0.565001 8.205071 11.072968
0.815988 11.990542 12.725967
10.569948 3.160414 3.090284
17.178468 8.229734 2.835641
5.785010 13.850043 2.787465
19.051482 11.019027 7.803690
19.447116 11.235908 11.796015
8.222787 3.516214 3.134640
15.010796 7.719015 1.807531
3.612188 6.951517 16.519726
13.830865 10.379231 18.076386
12.415950 6.286015 4.224642
3.976037 7.003831 15.841315
13.997167 2.137342 11.725336
6.765140 2.750804 12.884438
10.333970 3.236859 17.711878
11.417160 18.670103 14.538422
1.943799 11.622885 9.031162
12.567388 7.524233 20.108985
4.358618 13.086768 17.298159
10.389446 9.692864 -0.182657
0.905456 12.812264 7.241298
-0.240855 14.923625 13.201041
2.445035 10.699031 16.817685
18.842861 4.842947 8.973930
12.441134 0.996625 14.272242
5.717515 11.037916 1.871228
14.951883 10.157233 1.242484
8.076858 3.463373 3.964764
15.144209 9.670156 4.436446
13.766864 13.977674 4.452260
7.460571 8.159216 19.905534
15.268060 4.531640 7.163290
15.516055 3.338030 6.712117
8.410068 20.040806 13.331438
15.471012 16.477167 14.431826
9.413431 20.098710 11.763427
14.140642 6.502783 17.907777
1.813181 7.703572 13.796424
18.100598 10.016713 16.189626
15.140187 7.195741 1.888954
3.424318 2.876552 14.174786
4.536650 18.022332 4.775445
9.406860 3.616536 17.885521
8.693603 11.774265 20.182306
12.716130 7.980705 19.855923
20.478428 8.215684 9.279254
10.851152 19.138067 4.887164
14.660989 7.520545 20.154176
19.696987 10.597082 10.444789
12.316740 4.610482 0.624759
17.895247 13.959555 16.778767
18.461945 3.994487 5.773506
11.046741 19.792343 8.697294
8.640974 16.998669 17.809584
0.479189 11.518794 10.832157
20.337534 8.112340 13.157664
15.124237 19.495938 11.513279
1.989089 15.957500 10.708118
6.496753 17.630525 5.700231
18.832453 10.437343 5.045871
19.827015 10.174006 15.958370
0.822010 14.347254 5.379432
7.794555 6.207960 19.937900
6.114608 17.168405 3.274310
15.918499 19.031776 8.431701
9.930622 7.094361 0.107498
7.321597 2.916832 15.294908
11.526688 3.402576 2.179996
20.724246 13.353090 12.274239
1.488237 4.445808 9.640632
14.659866 4.836508 17.566826
15.178829 6.815016 18.202102
18.237534 9.848942 11.659671
2.981845 4.564322 11.899996
14.362602 18.984944 7.133649
6.260960 0.304399 12.591536
0.128395 8.296135 6.364865
13.602329 18.170849 2.148940
11.425526 0.043592 10.901051
4.800318 3.133984 5.752217
7.746444 8.152654 19.644240
18.190765 4.119208 8.745279
9.961432 5.307242 0.655592
19.975826 10.297693 6.869872
12.422926 19.676539 2.527668
7.206217 10.016514 0.764238
11.724105 18.496260 4.790391
11.912855 8.264076 21.318133
16.740984 18.809603 13.629092
4.888540 11.451714 19.349707
18.014487 6.226846 15.770208
19.942371 10.330725 9.248763
20.360811 14.981371 8.896212
10.737892 10.587885 0.721711
11.103711 8.705006 19.540232
4.259600 18.499106 8.753851
6.729534 8.635546 2.629683
0.412229 8.914327 5.048834
19.603668 13.598399 10.470798
4.151796 3.584908 13.802876
12.169205 12.847294 2.105003
7.276077 8.858080 -0.024603
1.492864 15.365825 9.948096
2.529122 10.917541 17.821125
11.345995 16.023374 17.004851
12.973912 18.128796 13.235159
0.987427 9.710971 11.414125
16.076661 17.683637 4.925907
4.753476 17.746866 9.267642
4.473953 12.311375 3.465164
8.095322 8.108664 -0.569612
8.717002 2.483503 3.495094
5.068982 -0.019639 9.974871
5.970685 0.316025 10.742860
9.301450 19.307114 8.456598
15.455536 4.533947 15.413936
2.799865 3.250767 13.938810
19.635354 12.337476 7.718890
17.489907 15.911034 14.580929
17.147932 20.027480 9.018666
13.027581 19.538407 13.149881
14.340323 -0.317816 6.201560
17.992208 2.483289 9.187275
18.955367 11.732002 13.269220
17.970363 7.242616 7.621552
11.101042 5.389563 18.592136
9.381580 3.455546 0.063441
17.435712 18.494910 10.391923
17.927150 6.135856 14.209955
1.646483 16.046465 14.008285
5.427104 4.633044 4.428222
12.474490 5.744012 0.793769
3.745636 1.965445 11.306735
14.770809 13.289307 2.127417
5.401096 -0.326814 15.803416
11.844512 8.930144 0.114509
7.798876 14.595958 18.490242
13.809109 18.498877 2.832015
7.533478 12.318560 0.772348
16.378245 13.582003 1.402617
8.787183 17.447248 2.162979
5.899263 4.321217 4.486092
17.869311 13.615922 8.056454
16.523117 8.402549 0.931345
2.746866 3.495316 9.612956
18.435574 15.728756 5.373003
16.151619 14.132161 2.793118
13.739621 14.829779 19.526284
15.674949 10.789757 17.924831
4.837609 5.386806 15.932537
18.994982 13.631845 10.059416
0.190420 8.327042 12.949298
9.020537 3.257126 2.492640
20.299914 10.904638 12.751468
3.411353 14.384382 17.364223
-0.051130 13.789092 12.766908
3.830086 10.556828 2.623038
11.653101 14.062914 19.529790
9.915022 0.181804 14.660736
3.413725 16.093490 8.650208
1.348170 11.082693 5.552170
3.652917 13.919488 4.428527
10.559958 0.799131 12.076699
5.329844 2.111644 11.230096
5.927888 14.848426 16.451234
6.591821 12.903899 2.296285
2.985929 10.287958 5.811364
17.714355 15.072479 5.347861
13.548138 3.171204 18.688397
18.747931 13.135786 6.945759
19.822608 4.816814 11.927122
0.823949 11.337265 14.036185
4.680867 2.120374 7.208288
6.747940 8.789699 20.638684
13.663966 16.418654 18.373338
9.082899 21.105158 9.802835
17.654382 15.863258 15.727584
12.639829 13.321912 0.562750
5.251559 6.872498 3.895940
19.559092 5.458716 7.987343
9.584912 18.217305 9.356490
2.425019 10.365358 4.623291
6.246347 0.633263 9.853776
19.060714 13.441260 17.077373
12.209557 8.516274 -0.612957
3.201028 18.618292 10.969828
0.508633 13.971295 7.617028
14.678118 11.866754 19.304118
10.330075 4.792983 5.392170
16.421246 12.497087 15.416051
7.457157 7.495915 0.777408
1.885423 7.005346 16.812858
-0.305595 7.992655 10.468518
1.331202 7.411231 5.375032
9.132005 2.443456 5.148204
9.743438 20.861399 6.239718
17.101912 17.757604 12.984884
3.816096 3.246505 8.215628
11.592287 2.730062 2.347687
11.147641 16.611881 3.058768
6.957029 16.320189 3.152368
5.806257 1.988202 13.636755
7.116751 13.519182 2.548989
7.214892 0.219992 5.757869
13.513640 4.998893 1.001569
6.516989 19.230194 15.255918
12.894959 19.282717 8.488665
0.070535 12.244078 8.851296
18.102827 12.251668 2.734083
19.699749 15.396252 13.486906
3.889751 3.451154 4.101399
5.339173 4.762512 17.016750
2.010254 7.297590 13.027091
16.507402 1.682981 11.821298
16.694369 8.721348 18.317901
18.758801 12.917790 5.282599
13.580874 3.536322 5.185769
1.139401 13.169889 14.370017
8.097929 18.559725 4.498073
20.476559 15.501550 13.338276
17.513534 5.621799 11.901765
4.161897 5.053502 15.117080
17.463778 15.488874 9.906005
4.952627 1.608103 13.866377
18.617898 5.805627 10.350827
13.919060 6.805265 -0.086897
6.715545 11.280603 -1.480534
1.707229 14.801234 6.078483
16.604428 2.128375 12.619624
18.900495 7.668269 14.804658
9.497033 19.097356 7.111658
4.598257 16.517872 12.331060
1.951603 6.278053 12.906082
2.212259 9.402842 14.923817
13.252392 5.140406 16.026479
1.557047 12.722302 6.549713
7.192821 20.560608 10.909361
12.586553 2.605437 14.726136
16.823290 2.609124 5.131225
0.593143 12.916356 11.914519
19.740347 6.210214 15.676962
10.870304 3.515744 3.971761
3.604994 18.434966 7.520217
2.165186 10.558176 15.331694
8.190509 11.222903 2.242591
12.667668 6.731080 17.208957
10.973869 16.407719 17.838886
-0.307431 9.152691 8.168828
1.888778 4.489875 13.622276
14.392571 13.860140 17.899506
12.559891 -0.563312 12.789694
17.052162 2.263612 7.383263
10.539617 6.900134 19.341097
12.908847 8.891135 18.262017
7.968074 6.092167 -1.257141
9.371181 19.746934 9.409754
19.940940 9.615853 11.464327
16.433081 9.277991 17.782326
0.753408 7.982860 4.760712
9.363478 1.237293 18.152202
8.398794 8.164190 19.394720
2.891379 2.008415 12.291441
16.092453 18.552318 4.803161
9.031526 2.647260 12.349234
7.835000 4.577508 17.004263
4.676920 16.230651 10.947718
6.962313 19.786358 11.039622
13.023439 18.321646 9.110864
7.188946 2.877887 4.220979
0.075713 8.951913 8.609502
0.409039 4.740148 10.564312
2.751631 17.262575 11.190192
17.906418 10.266460 15.871469
2.718245 9.443115 17.091219
1.701021 15.217035 10.084133
7.730545 13.186683 19.723557
7.925731 15.651157 1.415747
1.945494 8.889518 18.505630
18.367946 14.685669 5.107253
16.772139 15.495713 14.281475
4.949251 3.769586 13.419873
17.217120 11.257494 4.032208
9.631166 12.120674 0.865422
4.922483 4.132811 3.798072
19.413951 8.034878 12.410725
3.400754 10.862279 1.565589
11.322868 8.754915 1.551709
3.132927 17.896084 9.677277
4.527596 0.580773 11.662276
16.563853 16.263391 7.129363
4.999168 11.423700 17.850821
2.651518 11.519260 3.528636
7.131990 20.546162 10.911766
