0.000000 0.000000 0.000000
-0.007936 -0.000024 -0.002142
0.007968 0.000240 0.002925
-0.008056 0.011764 0.005890
0.000096 0.012484 0.010182
0.000048 -0.011964 -0.010885
-0.015952 -0.000216 -0.003013
0.015992 0.000623 0.005682
0.008008 -0.012100 -0.009686
-0.007984 -0.012380 -0.011525
0.007848 0.012340 0.012548
-0.015944 0.011724 0.003628
0.016072 -0.011533 -0.008128
-0.015880 -0.011868 -0.011029
-0.023960 -0.000432 -0.004875
0.024000 0.001015 0.008472
0.016016 0.012811 0.015225
-0.023984 0.011453 0.001878
-0.008016 0.023617 0.011485
0.023976 -0.012036 -0.008679
