0.000000 0.000000 0.000000 -3.048219
0.006317 -0.004811 -0.000312 12.302621
-0.006311 0.004863 0.000515 -9.928810
-0.007709 -0.009752 -0.001065 17.327034
0.007580 0.009859 -0.001062 4.084723
-0.001366 -0.014589 -0.000427 3.165489
0.001255 0.014680 0.000196 9.857502
0.013864 0.004976 -0.001593 -8.480888
-0.014116 -0.004896 -0.001548 4.921998
-0.012609 0.009741 0.000806 -7.083853
0.012683 -0.009783 0.000022 -1.799360
0.005029 -0.019361 0.001598 -5.542569
0.018893 0.006287 -0.002490 4.326941
-0.004999 0.019575 0.000991 12.786822
0.020194 0.000186 -0.001953 -9.122417
-0.020538 -0.000089 -0.002112 2.226020
0.019044 -0.014196 0.001577 6.111144
-0.018999 0.014643 0.000341 6.152693
0.015163 0.019791 -0.002922 4.831508
-0.015914 -0.019337 -0.003984 2.478915
0.000000 0.000000 0.000000 -6.413154
-0.003852 -0.004938 -0.000739 4.575515
0.007741 0.002905 0.000123 0.748546
-0.006246 0.005730 0.000095 2.944703
-0.010055 0.001525 -0.000257 -10.269244
0.003815 -0.010496 -0.000201 -1.169241
0.006959 0.010102 -0.000558 4.058203
-0.012782 -0.004568 -0.000803 0.888905
0.014965 -0.003132 0.000727 -1.812734
0.000642 0.015353 -0.000884 -4.666683
-0.012627 0.010558 -0.000366 8.370543
-0.016072 0.007507 -0.000162 -0.081437
0.009872 -0.016415 -0.001210 4.856788
0.017103 0.010443 -0.000746 -1.012087
-0.005693 0.020279 -0.001789 -3.406821
0.005141 -0.020410 -0.003508 -4.118221
-0.021246 -0.005915 -0.001379 10.332350
0.021589 -0.009094 0.000486 2.039301
0.013804 0.019311 -0.002447 6.684430
0.020149 0.014473 -0.001354 0.744081
0.000000 0.000000 0.000000 -11.070936
0.002571 0.009600 0.001516 0.496747
-0.002231 -0.009786 0.002007 4.771701
-0.000250 0.010759 0.001127 -3.019381
0.011602 -0.002435 0.001298 -7.531142
-0.012475 0.003966 0.001499 9.799230
-0.013553 -0.005953 0.002809 0.080260
0.010713 0.010498 0.003370 0.435801
0.009831 -0.012260 0.000768 8.301504
0.013629 0.007940 0.003477 8.091874
-0.011389 0.013902 0.000756 -4.692958
-0.003414 -0.019021 0.003913 -6.314578
-0.014868 -0.014509 0.005106 -4.326850
0.000548 0.022871 0.002439 -11.297448
0.022950 -0.003451 0.003245 -8.038975
0.021665 0.009500 0.006080 -6.419285
0.021509 -0.012520 0.001108 -8.619590
0.024409 0.005616 0.005362 14.857385
-0.025163 -0.000045 0.005013 -10.171553
-0.024077 0.009886 0.004098 -8.542187
0.000000 0.000000 0.000000 -3.159358
-0.002067 0.007966 0.000014 3.915433
0.002055 -0.007994 0.000153 2.091835
-0.010934 -0.002591 -0.000064 10.199065
0.010911 0.002550 -0.000915 15.809876
-0.012518 0.005034 -0.000811 -2.844673
0.008862 0.010552 -0.000820 -5.875184
-0.008906 -0.010576 0.000333 -4.810206
0.012837 -0.005213 -0.001471 -3.133445
-0.003817 0.015582 0.000851 -5.834444
0.004269 -0.016182 0.000692 -7.119338
0.006803 0.018568 -0.000934 -1.859265
-0.014685 0.013437 -0.000878 7.063521
-0.006648 -0.018770 0.000940 2.502931
0.015047 -0.013398 -0.000774 13.784896
0.021879 0.005138 -0.001348 7.112372
0.019665 0.013347 -0.002212 -2.513483
0.023793 -0.002648 -0.002164 -0.955935
-0.023134 -0.003724 -0.006232 -4.495406
-0.005847 0.023545 0.001223 4.137646
0.000000 0.000000 0.000000 1.919352
-0.007008 -0.003698 -0.000437 2.305439
0.007018 0.003706 0.000374 -4.794060
0.005331 -0.010131 0.000209 5.371406
-0.005200 0.010190 -0.001675 8.338028
-0.001694 -0.013838 -0.000037 5.435671
-0.012370 0.006455 -0.000509 -0.335778
0.012423 -0.006426 0.000304 4.589213
0.001846 0.013905 -0.001540 -13.017116
-0.014048 -0.007399 -0.000787 -8.189202
0.014206 0.007475 -0.000541 -14.666713
-0.008737 -0.017555 -0.000092 -9.220239
-0.019458 0.002737 -0.000285 -3.200673
0.019522 -0.002704 -0.000264 -11.923297
0.008890 0.017641 -0.001124 3.095586
-0.010690 0.020335 -0.000726 5.560127
0.010930 -0.020251 -0.002690 5.918523
-0.020940 -0.011065 -0.002677 -4.283180
0.021409 0.011210 -0.001930 -9.123320
-0.017803 0.016610 -0.000079 -0.961492
0.000000 0.000000 0.000000 4.603396
0.005624 -0.005769 0.000032 3.683030
-0.005605 0.005799 -0.000012 9.699762
-0.009656 -0.008485 0.000052 9.443022
0.010043 0.008666 0.001418 -2.053587
-0.004057 -0.014268 -0.000132 6.286183
0.004067 0.014258 0.000645 -0.119269
-0.014932 -0.002543 0.000744 -3.915732
0.015635 0.002859 0.001647 -1.985101
0.010853 -0.011748 -0.000250 -4.130806
-0.011225 0.011572 0.000012 1.415986
0.001563 -0.020049 -0.000257 1.090979
-0.001538 0.020054 0.000499 -4.800300
-0.020537 0.003237 0.000785 6.827916
0.021687 -0.002684 0.002104 -6.665086
-0.016851 0.017350 0.000012 -4.575982
0.016878 -0.017328 0.000267 -8.016053
-0.018663 -0.016649 0.001322 5.387391
-0.013151 -0.022440 0.000775 0.488864
-0.023747 -0.010588 0.002496 11.420823
0.000000 0.000000 0.000000 1.139144
0.001844 0.010634 -0.000325 -5.370331
-0.001887 -0.010644 0.000321 -7.208268
0.012955 0.003198 -0.000005 -0.937064
-0.012990 -0.003208 -0.000000 -1.640913
0.011127 -0.007458 0.000325 3.959877
-0.012004 0.006374 0.000879 8.396998
0.013933 0.012780 0.000875 -0.908935
-0.010100 0.017042 0.000554 4.867379
0.009258 -0.018087 0.000648 0.354654
0.002865 0.020226 0.000559 0.519554
-0.015297 -0.014388 0.000926 9.864399
-0.003732 -0.021295 0.000648 0.645118
0.023616 -0.004766 0.000902 1.205691
-0.024958 0.003194 0.000882 1.369167
0.025069 0.005329 0.001201 -6.596962
0.021776 -0.015415 0.001247 -3.949060
-0.023509 0.013305 0.001162 4.164550
0.015374 0.022891 0.001157 7.254730
-0.026829 -0.007450 0.001199 0.806516
0.000000 0.000000 0.000000 0.341590
0.008198 -0.007477 0.002435 4.736364
-0.001989 0.013974 0.000086 1.494319
-0.012187 -0.008398 0.001561 2.930885
-0.002647 -0.014790 0.004847 7.897256
0.014248 0.009985 -0.000261 -11.726797
-0.008139 0.015046 0.004478 -5.740208
-0.018409 0.000753 0.000190 -1.677535
-0.018493 0.007716 0.004030 -5.068576
0.002201 0.022376 0.004913 -14.388171
-0.011254 0.017287 0.011695 8.090640
-0.010158 -0.019380 0.009373 8.341136
0.007857 -0.020269 0.010831 3.877546
0.016710 -0.015028 0.010024 9.474197
0.024470 0.004101 0.003456 -4.527257
-0.020803 -0.013735 0.004036 3.282038
-0.021593 0.009976 0.011264 -7.033890
-0.026526 -0.000414 0.004270 2.450728
0.000670 0.024086 0.012577 -17.802513
-0.027277 -0.004983 0.003790 3.378923
0.000000 0.000000 0.000000 -2.502333
-0.000994 -0.007950 -0.000086 1.959303
0.001005 0.007955 -0.000100 -1.675810
0.010394 -0.001368 -0.000197 -3.472961
-0.010451 0.001501 -0.000355 -4.296830
-0.011360 -0.006590 -0.000160 7.615569
0.011381 0.006583 -0.000354 12.993313
0.009394 -0.009334 -0.000287 -4.079630
-0.009436 0.009461 -0.000509 -1.918758
0.002018 0.015881 -0.000307 9.998315
-0.001992 -0.015930 -0.000342 1.396865
-0.012442 -0.014450 -0.000708 -4.265689
0.008345 -0.017201 -0.000967 -8.561836
0.012370 0.014686 -0.000822 -5.256217
-0.008421 0.017376 -0.000795 -11.647279
0.020757 -0.002633 -0.001118 5.136902
-0.020903 0.002984 -0.001159 -6.600279
0.021768 0.005341 -0.001154 6.419750
0.019763 -0.010710 -0.000727 -7.149375
-0.021899 -0.004987 -0.001303 2.157665
0.000000 0.000000 0.000000 -5.519507
-0.000252 0.008232 -0.001308 9.125792
0.000740 -0.008750 0.002417 4.704276
-0.011197 -0.000240 0.000739 10.878305
0.011387 0.000094 -0.000919 1.534466
0.011046 0.008248 -0.000229 -0.595270
-0.010580 -0.008824 0.002722 0.273273
-0.011659 0.008141 -0.000864 6.804584
0.011840 -0.008308 0.000757 3.126316
-0.000167 0.015905 0.000974 -2.909295
0.000894 -0.016781 0.001753 -3.319940
0.015853 -0.008542 0.000107 5.328616
0.011608 0.015475 0.003996 -5.411407
-0.011547 0.016054 -0.000448 -7.106682
-0.010562 -0.016679 0.001521 -12.328566
0.012229 -0.016663 0.001618 -8.852095
-0.022509 -0.000333 0.000369 -2.420876
0.022890 -0.000027 0.000301 1.179460
-0.022252 -0.008536 0.001375 -4.135240
0.000128 0.023517 0.004154 -11.964401
0.000000 0.000000 0.000000 -9.830239
0.007675 -0.002951 0.000045 -2.810392
-0.007968 0.002691 0.001073 -11.216250
0.005202 0.010567 0.001082 1.613574
-0.003156 0.013000 0.002869 -11.104870
-0.006946 -0.012104 0.004740 15.202330
0.012757 0.007558 0.000823 -1.183354
0.000422 -0.015323 0.005336 7.430826
0.015013 -0.006189 0.000211 13.212513
-0.015595 0.005667 0.001252 -2.196302
-0.013981 -0.008671 0.003030 6.587372
-0.011434 0.015462 0.004687 1.023877
0.008052 -0.018336 0.004743 -0.475043
0.020121 0.004355 0.001208 -3.993113
-0.020732 -0.004888 0.000906 14.468403
0.009297 0.020370 0.003750 -1.115530
0.001984 0.023529 0.003542 7.150570
0.016632 0.017118 0.004516 -1.917998
-0.022327 0.009645 -0.000938 -1.449825
0.022667 -0.009153 0.000017 9.416858
0.000000 0.000000 0.000000 -5.902100
0.000961 -0.008179 -0.000008 5.113588
-0.000957 0.008190 0.000203 3.573251
-0.010843 -0.001544 -0.000622 5.498528
0.011346 0.001627 0.000079 -7.921805
-0.011817 0.006677 -0.000774 -0.305138
0.011777 -0.006834 -0.000300 -17.216763
-0.009851 -0.009501 0.000429 0.415508
0.009926 0.009497 0.000243 -5.067432
0.001943 -0.016339 0.000046 4.413000
-0.001931 0.016658 0.000859 -0.399093
-0.012757 0.014800 -0.000328 -3.417461
0.008977 0.017416 -0.000296 -0.819295
-0.008938 -0.017457 0.000762 7.178456
0.012747 -0.015216 -0.001078 -1.771118
-0.021620 -0.002866 -0.000714 3.496402
0.021710 0.002655 -0.000116 3.690042
-0.022581 0.005134 -0.001477 0.235139
-0.020644 -0.010820 0.000293 -3.783323
0.022624 -0.005700 -0.001188 12.094512
0.000000 0.000000 0.000000 -8.377336
0.009096 -0.002711 -0.000070 3.147104
-0.009457 0.003423 -0.000683 -0.150219
0.008922 0.010834 0.000599 -11.147324
-0.000603 0.014103 0.000101 2.554359
-0.007641 -0.012720 0.001090 20.450701
0.001736 -0.016230 0.000977 -6.005734
-0.009720 0.016838 -0.000267 5.231444
-0.017192 -0.009258 0.000381 5.971363
0.018538 -0.006214 -0.000126 13.384603
0.017615 0.008731 -0.000506 -1.181144
-0.018931 0.006712 -0.001611 0.289645
0.011143 -0.019616 0.001620 13.698109
0.009069 0.023805 0.001950 2.159235
-0.000124 0.026391 0.002342 14.564879
0.025713 0.007829 -0.002206 -5.993150
-0.026222 -0.006501 0.000083 -2.137524
0.026924 -0.007700 -0.001192 -6.188994
0.018022 0.021558 0.000663 -6.728780
-0.019583 0.020684 -0.001385 -0.954713
0.000000 0.000000 0.000000 3.139730
0.002759 -0.007686 -0.000817 -3.505835
-0.002967 0.008001 0.000462 -4.766586
-0.010659 -0.003896 0.000504 3.460824
0.010737 0.004161 -0.001381 0.932403
0.013435 -0.003740 -0.000912 -7.164957
-0.013477 0.003773 0.001401 1.170897
-0.007674 -0.011825 0.000081 -3.755494
0.007618 0.012264 -0.000766 0.000800
-0.005919 0.015955 0.000829 -1.879979
0.005590 -0.016361 -0.001188 -10.083389
0.015562 -0.007668 0.000560 5.926050
-0.016386 0.011734 0.001943 3.405522
0.004787 0.019932 0.000347 -6.845573
-0.004559 -0.020005 -0.000458 -1.388598
-0.021164 -0.008124 0.001313 8.527956
0.022177 0.007168 0.000927 10.785367
0.017849 -0.014602 0.005342 -8.626866
0.023347 0.004580 0.002288 5.585800
-0.024079 -0.000159 0.001618 7.824467
0.000000 0.000000 0.000000 8.159147
-0.004819 -0.006196 -0.000895 2.438610
0.005814 0.005840 0.000002 -1.148033
-0.009833 0.007717 -0.000511 -7.347538
-0.003477 0.013301 -0.001398 -1.573989
-0.015567 0.001891 -0.000725 -5.831280
-0.009624 -0.012433 -0.002169 0.762047
0.012932 -0.009065 -0.003367 17.567341
0.012132 0.011393 -0.000889 1.071080
0.007101 -0.014831 -0.002933 -3.299715
0.018240 -0.003100 -0.003237 1.233000
0.003335 0.018681 -0.002961 -2.727343
0.001212 -0.020599 -0.002571 8.948627
-0.020358 -0.004295 -0.002097 8.558085
-0.017581 0.014554 -0.004282 -8.389658
-0.011290 0.020148 -0.005124 -0.133194
-0.013889 -0.018902 -0.004443 7.574991
0.019020 0.016731 -0.002531 -0.661119
0.025113 0.002305 -0.004516 -8.214323
-0.023792 0.008896 -0.003614 -13.106868
0.000000 0.000000 0.000000 -5.844859
0.000437 -0.008082 -0.000000 1.713901
-0.000636 0.008194 -0.000780 -3.623995
0.011692 0.000430 -0.000151 -0.359671
-0.012005 -0.000040 -0.001377 -6.439963
0.011043 0.008694 -0.000819 -7.396990
-0.011603 -0.008155 -0.001860 -9.640024
0.012238 -0.007858 0.000266 -12.214191
-0.012436 0.007992 -0.001223 -10.330139
0.000847 -0.016140 -0.000720 5.462068
-0.001267 0.016400 -0.001583 -1.399227
-0.011224 -0.016192 -0.002564 -4.097452
0.010263 0.017056 -0.002508 3.980802
0.012488 -0.015843 -0.001000 0.491344
-0.013054 0.016253 -0.001774 8.496638
0.023158 0.000961 -0.001496 5.034475
-0.023492 -0.000640 -0.000678 6.823220
0.000843 -0.023879 -0.003089 -8.734466
0.022470 0.009180 -0.002429 2.112115
0.023591 -0.007139 -0.001728 15.240035
0.000000 0.000000 0.000000 1.185676
0.003151 0.007612 0.000005 12.950413
-0.003120 -0.007624 -0.000233 0.724441
0.011818 -0.003593 -0.000532 2.282389
-0.012302 0.003547 -0.000078 -8.383250
-0.009159 0.011144 -0.000078 -2.245344
0.009177 -0.011156 -0.000138 6.467328
0.014489 0.004015 -0.001060 5.357702
-0.015433 -0.004086 -0.000358 -7.770027
0.005801 0.015193 -0.000505 -4.342748
-0.006232 -0.015237 -0.000629 1.514551
0.006532 -0.018693 0.000025 -10.011087
-0.006496 0.018737 -0.000624 5.116839
0.017604 0.011621 -0.001147 -2.381625
-0.018482 -0.011661 -0.001201 0.082448
0.007974 0.022765 -0.001468 -9.257160
-0.009832 -0.022898 -0.001797 8.106981
0.024073 -0.007097 -0.000909 11.168020
0.020976 -0.014716 -0.000865 0.711565
-0.025086 0.007040 -0.001272 -2.242984
0.000000 0.000000 0.000000 -11.930013
-0.004794 -0.006938 0.000892 -8.117378
0.004822 0.006966 -0.000813 3.608998
0.009869 -0.006054 -0.000679 3.021802
-0.009900 0.006094 0.000638 1.263895
-0.010804 -0.008581 0.000278 -2.027472
0.005237 -0.012825 0.000152 -0.386530
-0.005585 0.012826 0.001369 -3.639936
-0.014571 0.000542 -0.000211 3.699712
0.014692 0.000940 -0.001313 -2.831454
-0.002091 -0.015448 0.001548 0.162582
-0.009083 -0.013652 0.000112 -0.859859
0.009375 0.013884 -0.001229 -8.602330
-0.017979 -0.007197 -0.002906 2.229407
0.000133 -0.019865 0.001450 -7.996416
-0.001272 0.019842 0.001911 -8.602088
-0.019750 -0.003312 -0.003014 -3.089312
0.019329 0.007792 -0.001505 1.883496
0.019440 -0.012092 0.000273 8.282018
-0.019443 0.012092 0.000997 2.605252
0.000000 0.000000 0.000000 12.773266
0.000283 -0.008263 -0.000094 2.425656
-0.000149 0.008501 -0.000468 -2.989016
0.010965 0.000618 0.000604 7.549199
-0.011077 -0.000898 0.000329 -10.809640
-0.011208 0.007605 0.000099 -3.059505
0.011226 -0.007640 0.000487 1.279435
-0.010782 -0.009142 0.000135 0.386165
0.010799 0.009135 0.000135 -4.370644
0.000573 -0.016471 -0.000655 6.240491
-0.000319 0.017015 -0.001009 1.140815
0.011640 -0.015627 -0.000582 7.689560
-0.011376 0.016108 -0.000463 -5.435009
-0.010366 -0.017123 -0.000974 -15.936433
0.010658 0.017619 -0.000733 4.129226
0.021916 0.001228 0.001194 -1.672935
-0.022250 -0.002085 0.001607 -1.150724
-0.022299 0.006405 0.001364 -7.431699
0.022214 -0.007026 0.000832 7.986039
0.021724 0.009748 0.000748 10.339116
0.000000 0.000000 0.000000 -3.297038
-0.007961 -0.000072 -0.000245 1.340961
0.007982 -0.000151 -0.000313 -11.059398
0.000208 0.010912 -0.000978 -7.628652
-0.000257 -0.011275 -0.001063 -4.192453
-0.007752 0.011065 -0.000805 -3.828336
0.008178 0.010732 -0.001070 -4.390745
0.007638 -0.011786 -0.001276 -7.650569
-0.008279 -0.011646 -0.002174 -6.077456
-0.015943 0.000356 0.000167 -0.591299
0.015947 -0.000342 -0.000266 -11.511902
-0.015699 0.011172 -0.000201 -1.430035
0.016151 0.010752 -0.000207 10.138974
0.015631 -0.011917 -0.001664 -8.519773
-0.016271 -0.011335 -0.002652 7.111147
0.000407 0.021542 -0.002252 1.535475
-0.007536 0.021721 -0.002191 4.565854
0.008403 0.021820 -0.001179 -4.474770
-0.023873 0.000454 0.000771 -1.761176
0.023884 -0.000552 -0.000141 -1.264364
0.000000 0.000000 0.000000 -6.599493
0.007058 -0.002565 -0.001359 7.610658
-0.010000 -0.002184 0.000261 4.770967
-0.010165 -0.002693 -0.000387 -0.757999
-0.009393 -0.006117 -0.001321 13.602719
-0.004724 0.014681 -0.002657 9.074098
-0.012431 0.009370 -0.001689 -8.735484
0.004373 0.015473 -0.002717 4.548101
0.016564 -0.001134 -0.001588 -2.807139
-0.010160 -0.014610 -0.003274 12.276087
0.001701 -0.018924 -0.001432 -2.435743
-0.014077 0.013209 -0.002939 -1.830511
-0.005043 -0.020289 -0.005309 12.113711
0.013410 0.016639 -0.002966 5.015291
-0.019980 -0.008754 -0.003630 -1.746492
0.009610 -0.020384 -0.002779 8.692221
0.025087 -0.001319 -0.002939 -7.670359
-0.024754 0.007424 -0.004398 0.511843
0.018436 -0.019694 -0.002679 -0.593129
0.022851 0.017312 -0.003780 10.219564
0.000000 0.000000 0.000000 6.811630
0.001647 0.009193 0.000071 4.210586
-0.001873 -0.009730 0.000178 -5.192724
0.010890 -0.001630 -0.000816 1.588709
-0.010860 0.002127 0.000404 -2.409514
-0.012459 -0.007031 0.000187 -4.025473
0.012503 0.007043 0.000001 2.488920
-0.009211 0.011321 0.000265 -0.497907
0.009213 -0.011307 -0.000664 -3.366727
-0.003336 -0.018878 0.000090 5.398661
0.003307 0.019328 -0.000674 -8.457343
0.014122 0.016174 0.000414 12.138512
-0.014094 -0.016205 0.000032 1.142499
0.007603 -0.020485 -0.000447 8.167429
-0.017762 0.012756 -0.000360 -4.614987
0.021718 -0.004281 -0.000557 8.149768
-0.021662 0.004820 0.000160 -0.796394
-0.007488 0.021521 -0.000760 -3.320856
-0.023193 -0.003593 -0.000448 7.400114
0.023251 0.004320 0.000853 6.306136
0.000000 0.000000 0.000000 3.288495
-0.002392 -0.007642 -0.000091 1.411368
0.003082 0.007445 -0.000432 1.049834
0.000612 0.009517 -0.000447 5.060391
-0.012406 0.003968 -0.003305 -4.973029
-0.014756 -0.003660 -0.003702 4.829652
-0.004770 -0.015253 -0.000214 2.794856
-0.011456 0.012006 -0.001660 17.157144
0.005184 0.017795 -0.000889 -0.699771
0.018933 -0.005080 -0.004484 -1.026048
-0.017184 -0.011230 -0.003502 -3.894614
-0.010440 0.020013 -0.000715 -7.552355
-0.007865 -0.022667 0.000417 1.280966
0.023861 0.002326 -0.005836 -6.290068
0.020048 -0.014388 -0.004924 -4.813889
0.013981 -0.021022 -0.002218 -5.947443
0.010021 0.025195 -0.002445 0.498409
-0.026233 0.008328 -0.005322 3.279958
-0.021674 -0.018275 -0.001868 -0.634389
-0.027946 0.000399 -0.006113 -1.721457
0.000000 0.000000 0.000000 -3.938372
0.008193 -0.000875 0.000091 -10.523426
-0.008191 0.000885 0.000256 -6.101966
0.016122 -0.000416 0.000441 -0.302283
-0.016232 0.001032 0.000592 3.523675
0.001137 -0.016254 -0.000536 -3.500945
-0.001124 0.016239 0.001120 -0.761189
0.007196 0.014683 -0.000167 3.763375
-0.007071 -0.015381 -0.000202 3.671685
0.009065 -0.015762 0.000297 -0.209501
-0.008300 0.017588 0.001908 -0.207321
0.015387 0.013808 -0.001102 5.823061
-0.015244 -0.014493 0.000284 5.601524
0.016921 -0.014623 0.001610 7.100162
0.024204 -0.000622 0.000750 5.154080
-0.024275 0.001212 0.000305 0.930340
-0.016625 0.018613 0.002260 8.714116
0.023617 0.012933 -0.001233 -8.845831
-0.023287 -0.014319 0.000004 -9.145852
0.024721 -0.013512 0.003309 5.602828
0.000000 0.000000 0.000000 0.954867
-0.001033 0.009367 -0.000317 -2.137524
0.001712 -0.009826 0.000576 6.220069
0.015002 0.004215 -0.001132 2.655812
0.016058 -0.005132 -0.000860 -1.029632
-0.017180 -0.002818 -0.000858 8.499010
0.001399 -0.018284 -0.000081 0.591631
-0.002099 0.018752 -0.000453 5.971363
-0.018223 0.006568 -0.000812 -12.626769
0.013364 0.014066 -0.001444 0.289645
-0.016088 -0.012172 -0.001289 -6.907462
0.016517 -0.014014 -0.000636 -0.733311
-0.020897 -0.008759 -0.002555 -8.092071
-0.023767 0.003613 -0.002382 3.565241
-0.019290 0.015988 -0.000876 -0.879540
0.011744 0.023983 -0.002115 -0.150219
0.001116 -0.026757 -0.000813 2.843514
-0.017048 -0.020582 -0.003349 -1.106923
0.016271 -0.022473 -0.001470 -0.017464
0.027827 0.001266 -0.003884 -7.179959
0.000000 0.000000 0.000000 4.011699
-0.008002 0.000076 0.000879 10.960457
0.002880 0.007706 0.000165 2.099067
0.009375 -0.005984 0.000311 1.750873
-0.001039 -0.013569 0.000188 -18.263113
0.001189 0.014125 0.000267 0.761479
0.007339 -0.012576 0.000238 -2.605856
0.011719 0.008655 0.000722 -3.969414
-0.006976 0.013672 0.000556 -6.957286
-0.016003 0.000172 0.001639 -5.450745
-0.009024 -0.013481 0.001120 -7.829846
0.017589 -0.005129 0.001121 0.541404
-0.015102 0.013200 0.001196 13.414833
-0.017056 -0.013394 0.001872 -0.052986
0.019491 0.010584 0.002477 9.424599
0.006219 0.021847 0.001073 10.548221
-0.024012 0.000263 0.002420 -0.195830
0.014774 -0.019812 0.000897 3.618991
0.025333 -0.003188 0.002905 2.328844
-0.001878 -0.026600 0.001119 -3.341092
0.000000 0.000000 0.000000 9.342497
0.007605 0.002690 0.000015 -1.510303
-0.007607 -0.002714 0.000075 -5.697052
-0.003571 0.012540 -0.001264 5.897837
0.003761 -0.013739 -0.000414 -2.299681
-0.011172 0.009838 -0.001178 -1.149088
0.003990 0.015202 -0.000624 -3.436314
0.015186 0.005404 0.000018 3.171930
-0.015200 -0.005400 -0.000256 -2.929512
0.011446 -0.011648 -0.000799 -2.576298
-0.003841 -0.016427 -0.000572 6.581306
-0.018773 0.007124 -0.001041 3.357404
0.019008 -0.008892 -0.001248 5.313872
0.011508 0.018479 -0.000049 -0.118610
-0.011448 -0.019150 -0.000338 4.868979
0.022783 0.008109 -0.000011 -8.989026
-0.022703 -0.008698 -0.000914 -3.751924
-0.026371 0.004415 -0.001122 3.058163
-0.007283 0.026232 -0.001112 0.342764
0.026711 -0.007411 -0.002387 -1.459074
0.000000 0.000000 0.000000 2.470461
0.001536 0.007776 0.000543 2.093927
-0.001858 -0.007700 -0.000962 -5.345553
-0.011580 0.002753 0.000105 -3.573126
0.011714 -0.003091 0.000952 13.809166
0.012778 0.005220 -0.000176 5.483717
-0.013127 -0.005131 -0.000193 1.696191
-0.010009 0.010536 -0.000042 0.526659
0.010000 -0.010763 0.000251 -12.480509
-0.003435 -0.015588 -0.001614 16.559491
0.002578 0.016222 -0.000475 -0.065307
0.013869 0.013614 -0.001191 -2.550754
-0.014461 -0.013274 -0.000300 2.535572
0.008381 -0.018624 -0.000495 -5.067087
-0.009279 0.019208 -0.001999 -3.927125
0.022541 -0.005221 -0.001082 3.248045
0.023802 0.002909 -0.001639 8.967367
-0.004979 -0.023499 -0.001810 4.159743
-0.023603 0.005997 -0.001995 7.273780
-0.024423 -0.002546 0.000385 4.746139
0.000000 0.000000 0.000000 -2.632701
-0.000994 -0.008115 0.000916 -3.296638
-0.000979 0.011132 0.000542 9.442646
0.011887 -0.002399 0.000330 -3.295866
0.011068 -0.004989 0.000673 3.379158
-0.012140 0.003088 -0.000326 4.770710
-0.012800 -0.000661 -0.000257 -1.387256
0.010883 0.008740 0.000361 8.808850
-0.012759 -0.010555 0.001096 1.982740
-0.012588 0.012905 0.000892 10.816822
-0.000955 -0.017996 0.002432 -1.312032
0.011083 -0.014864 0.002259 3.965980
-0.001174 0.020302 0.002608 -10.954794
0.010415 0.018546 0.001938 -0.945129
0.022879 -0.002550 -0.000001 5.435101
0.022452 0.006985 -0.000567 -8.416250
-0.012718 -0.020456 0.002787 -4.540285
-0.025033 -0.004528 -0.001170 9.999352
-0.024144 0.008278 0.000088 13.664184
-0.012759 0.022017 0.003122 -1.516690
0.000000 0.000000 0.000000 8.662776
-0.000737 -0.008073 -0.000527 -9.653278
0.001078 0.008278 -0.000039 5.946914
-0.011679 -0.000104 0.000273 -9.422638
0.011717 0.000178 0.000128 -7.232083
0.010586 -0.008210 0.000091 4.759253
-0.010570 0.008289 0.000476 2.455622
-0.012783 -0.008449 0.000077 -4.847513
0.012827 0.008457 -0.000136 -0.474188
-0.001856 -0.016452 -0.000854 -10.991178
0.003365 0.017356 -0.002753 5.944846
0.009823 -0.016362 -0.000824 0.030469
-0.008834 0.017013 -0.001141 -14.267281
-0.013196 -0.016312 -0.001259 -2.103007
0.014697 0.017308 -0.001784 -14.747358
-0.023015 0.000045 -0.000128 2.525817
0.023113 -0.000035 0.000478 8.678495
-0.021846 0.008402 0.000071 10.203765
0.022300 -0.008069 0.000197 -2.719046
-0.002254 -0.024313 -0.002311 -2.612285
0.000000 0.000000 0.000000 3.388335
0.000147 -0.007133 -0.003687 8.468570
-0.013698 -0.000838 -0.001107 -0.967755
0.014899 0.001664 0.000020 9.428304
-0.000863 -0.015114 -0.006286 -0.837251
0.015079 -0.005470 -0.003667 -10.369925
-0.015377 -0.009221 -0.003171 -2.123373
0.013450 -0.013854 -0.005723 6.506894
-0.010120 0.017316 -0.014239 0.266950
0.005380 0.019412 -0.014778 5.852825
-0.017025 -0.017581 -0.005227 -8.154897
-0.003135 -0.023865 -0.007802 1.950881
0.011192 -0.022617 -0.007244 -4.817886
-0.028048 -0.002111 -0.001675 -0.224631
0.028794 -0.004627 -0.002567 5.525159
0.027746 -0.012597 -0.005162 0.722408
-0.029088 -0.010047 -0.004274 -1.132663
-0.018047 -0.025569 -0.007846 -5.811229
0.010131 -0.030597 -0.009851 8.265385
-0.004157 -0.031853 -0.010421 -4.760995
0.000000 0.000000 0.000000 -13.561525
0.003804 0.007083 -0.000030 1.407613
-0.003782 -0.007106 -0.000056 -8.329847
-0.010390 0.006204 -0.000191 4.014062
0.010401 -0.006234 -0.000230 4.237663
0.014511 0.000576 -0.000200 2.893262
-0.014509 -0.000600 -0.000509 0.191244
-0.006594 0.013313 -0.000245 -2.349027
0.006611 -0.013340 -0.000150 -8.080286
0.007925 0.013910 0.000135 6.430398
-0.007908 -0.013923 -0.000393 -1.214938
0.018033 0.007961 -0.000636 5.493629
-0.018270 -0.007710 -0.000653 4.020842
0.002796 -0.020416 -0.000034 2.429030
-0.002800 0.020416 -0.000221 3.724182
-0.011695 -0.021021 -0.000409 1.191365
0.011443 0.021285 -0.000356 -1.696600
0.020806 -0.012462 -0.000460 3.572519
-0.021048 0.012706 -0.001210 -0.653170
0.024334 -0.005101 -0.001446 -5.808271
0.000000 0.000000 0.000000 1.808796
0.006625 -0.004828 0.000485 13.498089
-0.007048 0.004643 0.000252 10.076387
0.008503 0.009242 0.000310 -9.304974
0.001915 0.014077 -0.000188 -9.588546
-0.010364 -0.010090 0.002698 -1.173754
-0.003764 -0.014916 0.003185 7.462832
0.013653 -0.009478 0.000244 -0.637746
-0.013650 0.009486 -0.000238 2.861876
0.016057 0.004834 -0.000688 -4.139638
-0.017404 -0.005427 0.002938 -1.856860
-0.005155 0.018711 0.000060 -2.781278
0.002820 -0.019760 0.003677 0.058229
0.022649 -0.000030 -0.000193 -0.623348
0.014229 0.017188 0.005108 4.661512
0.007171 0.021810 0.005365 -2.774767
-0.024448 -0.000795 0.003192 -7.842025
0.020233 -0.014311 0.000734 7.445400
-0.020706 0.014131 0.000007 6.812517
0.021778 0.012768 0.004120 -0.021007
0.000000 0.000000 0.000000 2.884463
0.000605 0.008185 -0.000557 0.406563
-0.000597 -0.008324 -0.000284 1.838306
-0.011162 0.000808 0.000719 0.629642
0.011332 -0.001404 0.000707 -2.232689
0.011922 0.006826 0.000537 -5.510468
-0.010627 0.008974 -0.000156 1.711015
-0.011797 -0.007466 0.000777 2.213347
0.010661 -0.009417 -0.000081 4.633556
-0.001300 -0.016112 -0.001976 5.602686
0.001161 0.016641 -0.001739 -1.731690
0.012612 0.015021 -0.000097 2.224694
-0.012422 -0.015352 -0.000410 -0.765502
0.009955 -0.017189 -0.001844 -9.845504
-0.010115 0.017713 -0.002094 -0.610891
-0.022238 0.001153 0.003042 4.016681
0.022682 -0.002961 0.002803 -7.009946
-0.021674 0.009906 0.001166 -2.113004
-0.022762 -0.006846 0.002892 2.847286
0.023347 0.005036 0.003555 5.015989
0.000000 0.000000 0.000000 5.364131
-0.000359 0.008574 -0.000283 1.779318
0.000357 -0.008988 -0.000598 9.463303
0.011417 0.000374 -0.000107 -11.730201
-0.011534 0.000837 0.002453 -3.653607
0.011100 0.008190 -0.001978 -1.385690
-0.011107 -0.008430 0.000572 11.370584
0.011762 -0.008235 0.000231 3.325095
-0.011890 0.009739 0.002787 -1.271436
-0.000612 0.016719 -0.001644 -3.305313
-0.004649 -0.016177 -0.002227 -0.905786
0.007174 -0.017605 -0.000505 2.957609
-0.017752 -0.008610 0.000515 -0.982984
0.010855 0.016315 -0.003351 6.922319
0.012208 -0.016348 0.000890 9.834386
-0.012211 0.017557 0.001031 -8.611954
-0.022989 0.000520 0.002456 4.754120
0.022859 0.002272 0.003057 -2.947339
-0.017636 -0.016499 -0.002160 6.488847
0.023223 -0.006290 0.003291 4.801768
0.000000 0.000000 0.000000 -2.651197
-0.003173 0.008943 0.000571 1.924298
0.003919 -0.010035 0.000683 4.157999
-0.011457 -0.002210 -0.000279 -13.241888
0.012633 -0.000692 -0.000276 9.642851
0.008187 0.011075 0.000712 5.484686
-0.007954 -0.011654 0.000101 -0.143890
-0.014235 0.006243 0.001138 16.780869
0.004713 -0.016449 0.001770 5.280219
0.009422 0.014445 0.000728 6.207413
0.015224 -0.010745 0.001980 -0.471009
-0.006301 0.017883 0.001394 -4.104151
0.004607 0.020532 0.000417 -0.784665
-0.003697 -0.022168 0.001776 -10.277025
-0.016988 0.014668 0.002778 -11.907920
-0.022905 -0.004440 -0.000006 13.676914
-0.019402 -0.013857 -0.000157 0.829015
0.023418 0.004458 -0.000428 6.825896
-0.025642 0.003985 0.001459 8.517542
0.025876 -0.005087 0.001961 1.447783
0.000000 0.000000 0.000000 3.493052
0.002626 -0.003233 -0.001845 7.049308
0.008224 -0.001489 -0.001161 -4.085398
-0.008333 0.000795 -0.002717 -14.016480
0.000472 -0.010463 -0.004689 2.606367
-0.000115 0.013033 -0.002396 6.643515
0.007824 0.012793 -0.001585 -6.556610
-0.008263 0.013737 -0.003277 5.263394
0.016396 -0.002748 -0.000673 -3.035990
-0.016439 0.001919 -0.001747 -4.054965
-0.015186 -0.007165 -0.003914 3.725300
0.000419 -0.017183 -0.009185 -9.794523
-0.019465 0.000915 -0.002879 -2.454723
0.015983 0.011970 -0.000929 -5.586887
0.018995 -0.006468 -0.003199 -2.653177
-0.016394 0.014365 -0.003942 1.679663
0.001226 0.019742 -0.011261 5.528516
-0.016605 -0.014107 -0.006867 -0.388913
0.018057 -0.012927 -0.007743 7.052415
0.009205 0.019530 -0.010234 -5.737629
0.000000 0.000000 0.000000 1.788036
-0.001002 0.008131 -0.000618 0.843680
0.001725 -0.008655 -0.001045 9.999314
-0.011604 -0.000537 -0.000184 2.929232
0.011916 0.000323 -0.000555 3.885744
-0.010559 -0.008725 0.000295 1.286898
0.010587 0.008720 -0.000246 -0.815804
-0.012663 0.007626 -0.000846 0.000994
0.013612 -0.008313 -0.001531 -2.215142
-0.002309 0.016470 -0.000682 2.558613
0.003042 -0.017055 -0.001210 4.733928
-0.009561 -0.016840 0.000977 -0.937852
0.008588 0.017604 0.001379 5.920294
-0.013579 0.015667 -0.002644 11.626052
0.015321 -0.016955 -0.002485 -6.104364
0.023486 0.000918 -0.000201 0.870306
0.021815 0.009573 0.000841 -2.193021
-0.024240 -0.000336 0.000398 -3.322460
-0.022853 -0.008763 0.001675 -4.214088
-0.023603 0.006622 -0.002883 5.340504
0.000000 0.000000 0.000000 -1.981449
0.000916 0.007921 -0.000526 -0.582520
-0.000924 -0.007962 0.000613 5.360153
0.010545 -0.001058 0.001490 -0.534110
-0.010721 0.001132 -0.000463 4.969607
0.011355 0.006922 0.001650 -3.040858
-0.011667 -0.006741 0.000141 -5.513106
0.010019 -0.009121 0.000394 -0.437702
-0.010015 0.009136 -0.000292 -7.798301
0.001826 0.015826 -0.000847 2.634739
-0.001578 -0.015932 0.000621 -8.832627
0.012404 0.014741 0.000671 5.366693
-0.012728 -0.014624 0.001501 3.059743
-0.009310 0.017138 0.000056 9.389146
0.009443 -0.017222 -0.001416 -6.678152
0.021859 -0.002469 -0.000239 -5.169614
-0.022054 0.002535 0.001108 -0.162683
0.021987 0.005814 0.002297 4.856924
-0.022750 -0.005476 0.001093 0.527234
-0.021146 0.010475 0.001059 -1.436184
0.000000 0.000000 0.000000 12.545090
0.000377 -0.007998 0.000174 -3.170999
-0.000445 0.008054 0.000181 -2.464756
0.010959 0.000844 0.000353 -11.819477
-0.010975 -0.000785 -0.000463 -1.573623
0.011193 -0.007347 0.000902 -3.768366
-0.011617 0.007101 0.000700 -0.833414
-0.010569 -0.008822 -0.000436 -8.699680
0.010733 0.008982 -0.000174 -0.515196
-0.001040 0.015927 0.001293 -1.534254
0.000438 -0.016341 0.001347 10.698529
0.011225 -0.015703 0.002597 -7.272400
-0.012433 0.014821 0.002711 -4.951720
0.010138 0.016877 0.000783 -10.137499
-0.010568 -0.017178 0.001071 2.658371
0.021909 0.001649 0.000654 5.248251
-0.022169 -0.001772 0.000208 3.401671
0.022135 -0.006509 0.001470 2.646307
0.021493 0.009685 0.000807 -5.146753
-0.023008 0.005972 0.002173 4.035105
0.000000 0.000000 0.000000 -9.327262
-0.006822 0.004172 -0.000119 0.280631
0.006730 -0.004329 -0.000112 -10.256884
-0.006179 -0.009605 0.001005 -3.788214
0.006357 0.009783 0.000800 -1.022948
-0.000512 0.013934 0.000358 1.743866
-0.012860 -0.005282 0.001451 -6.975140
0.000407 -0.014119 -0.000065 1.003923
0.013198 0.005601 0.001696 4.113546
0.013433 -0.008693 0.000116 3.931667
-0.013564 0.008491 -0.000151 1.965531
-0.019450 -0.000791 0.002540 -5.075533
-0.007210 0.018287 -0.000210 -9.386670
0.007236 -0.018281 0.000076 3.636654
0.020070 0.001445 0.002269 -5.708329
-0.012463 -0.019402 0.001801 5.537212
-0.020238 0.012831 0.000407 -5.622876
0.020310 -0.012858 0.000916 1.745389
0.013210 0.020135 0.003649 -10.214728
-0.019033 -0.014902 0.003008 -1.262503
0.000000 0.000000 0.000000 4.233635
0.003826 -0.007226 0.000083 4.340092
-0.003816 0.007247 -0.000365 -2.461939
-0.010801 -0.004739 0.000963 -9.216870
0.011686 0.004700 0.000594 4.229536
-0.007459 -0.011938 0.000741 9.870995
0.008306 0.011976 0.001121 3.722329
0.015072 -0.002578 0.000128 -9.917086
-0.015526 0.002489 -0.000329 12.702766
0.006768 -0.014488 -0.001087 -0.592096
-0.008128 0.014547 -0.001331 -3.040369
-0.004513 -0.019135 -0.000680 2.034102
0.004962 0.019323 0.001388 -0.253905
0.018987 -0.009744 -0.000144 -2.181628
-0.019779 0.009759 -0.001980 -6.815927
0.009283 -0.021704 -0.003312 7.818183
-0.022025 -0.009476 0.001936 0.265456
-0.018235 -0.016733 0.002297 -0.093793
-0.012488 0.021826 -0.002012 -5.990238
0.023906 0.009489 0.001334 10.739452
0.000000 0.000000 0.000000 5.670357
0.003532 0.007716 -0.000507 3.073619
-0.004577 -0.008066 -0.000871 -1.129888
0.011703 -0.003517 -0.000677 2.766634
-0.013267 0.002954 -0.001821 0.636014
0.007674 -0.011375 -0.000952 5.116543
-0.008681 0.010989 -0.000715 -19.609575
0.015127 0.004228 -0.001311 4.624649
0.007088 0.015395 -0.001015 0.650888
-0.017327 -0.004928 -0.002083 -0.331347
-0.009128 -0.016066 -0.001848 -2.309814
-0.004633 0.018867 -0.000618 -6.981435
0.003534 -0.019306 -0.000924 -6.634951
0.018331 0.011785 -0.002173 -9.060311
0.022452 -0.007333 -0.002318 3.100436
0.018873 -0.015052 -0.001989 3.158493
0.009639 0.022773 -0.002902 -6.846689
-0.021856 -0.012882 -0.002834 -13.270292
-0.021977 0.013977 -0.002498 -3.407701
0.026069 0.000411 -0.002592 -0.355940
0.000000 0.000000 0.000000 -2.037852
0.004517 -0.004521 0.000074 0.911190
0.004709 0.004912 -0.000750 -7.028643
-0.007678 -0.001403 0.000583 -8.711935
-0.007070 0.007478 0.001431 0.483206
-0.001683 -0.013639 0.001817 -12.090089
0.005607 0.013388 -0.000136 6.291801
0.010547 -0.011337 0.000806 -13.003099
-0.005755 0.015496 0.002706 -3.940552
0.017548 0.000811 0.000813 1.744765
0.014378 0.010352 -0.000621 4.667555
0.017123 -0.008331 0.002646 0.694961
-0.020217 0.002302 0.000688 -16.113298
0.017707 0.011070 0.000521 8.496201
-0.018881 0.010294 0.002153 -5.887511
-0.016882 -0.013523 0.000162 -7.504282
-0.021188 -0.006186 -0.000084 5.690908
0.006564 0.021831 0.000962 9.318215
0.010163 -0.021000 0.004232 5.462242
-0.004444 0.023441 0.004356 8.857647
0.000000 0.000000 0.000000 6.196695
-0.001771 -0.008272 -0.000442 4.057944
0.002311 0.008691 -0.000019 -6.075624
-0.012293 0.001210 -0.000098 3.336579
0.012368 -0.001159 -0.000024 -9.436029
-0.010038 0.009858 -0.000165 6.699168
0.010052 -0.009844 -0.000442 -5.093472
0.014627 0.007519 0.000049 -0.513824
-0.014981 -0.007849 0.000395 2.424178
-0.003930 -0.016990 -0.000507 9.112173
0.004497 0.017380 -0.000087 9.157285
0.008587 -0.017767 -0.001676 -7.455594
-0.007782 0.018546 -0.000206 7.690947
0.016910 0.016210 0.000054 -5.316936
-0.017240 -0.016471 0.000986 -5.694626
-0.024629 0.002354 -0.000810 -4.957249
0.024677 -0.002343 0.000054 -3.067431
0.022374 -0.011005 0.000012 2.708360
-0.022364 0.011032 -0.000665 -13.520174
-0.006706 -0.025955 0.000289 1.474727
0.000000 0.000000 0.000000 0.836552
0.007974 0.001697 0.000831 -5.072817
-0.008132 -0.002304 -0.000162 -3.883466
0.000753 -0.014342 0.000834 -2.269254
-0.000770 0.014342 -0.000843 -1.453044
0.009026 -0.011449 0.000310 1.782168
-0.008754 0.012630 -0.001682 -10.170752
0.016107 0.004001 0.000977 4.713839
-0.016275 -0.004605 -0.000325 -4.695929
0.007347 0.016621 -0.000681 -3.755286
-0.007340 -0.016654 0.000676 3.533102
0.017630 -0.007408 -0.001579 2.615639
-0.016868 0.010343 -0.001843 -6.513538
0.015303 0.018337 0.000155 0.478247
-0.015343 -0.018365 -0.000165 3.710612
-0.024249 -0.006320 -0.001163 5.455780
0.024690 0.008049 -0.000915 1.547823
-0.024853 0.008613 -0.002681 -6.051856
0.010137 -0.024628 -0.000204 -0.195313
0.019628 -0.017039 -0.006140 3.720364
0.000000 0.000000 0.000000 -5.803702
0.000573 -0.009244 0.000081 -4.599076
-0.000552 0.009296 0.000117 -4.191936
-0.010664 -0.001058 0.000136 3.260105
0.010689 0.001078 -0.000146 -0.582777
0.011264 -0.007720 0.000402 -9.159370
-0.011266 0.008233 0.000256 0.590034
-0.010106 -0.010325 0.000042 5.609240
0.010187 0.010867 0.000417 -12.507840
0.001234 -0.017943 0.000619 -9.996027
-0.001124 0.018592 0.000291 -5.625313
0.011897 -0.016886 0.000652 0.065977
-0.011779 0.017493 0.000812 13.546284
-0.009447 -0.019017 0.000676 1.269950
-0.021350 -0.002135 0.000330 -8.534391
0.021415 0.002624 0.000460 0.029448
0.009635 0.020162 0.000613 -3.175581
0.021948 -0.006663 0.000473 -9.067213
-0.021926 0.007150 0.000601 1.118130
-0.020766 -0.011391 0.000378 -9.467689
0.000000 0.000000 0.000000 -4.462815
0.002071 0.007922 0.000811 7.285812
-0.001937 -0.008614 0.000737 1.702902
-0.010558 0.003108 0.000174 -4.908654
0.010560 -0.003075 -0.000421 -5.051032
0.012646 0.004820 0.000508 7.178315
-0.012552 -0.005164 0.000482 -1.143339
-0.008395 0.010697 0.001902 7.115612
-0.011311 -0.008393 0.000980 3.487457
0.008690 -0.012055 0.000819 6.253834
0.004631 0.015183 0.002911 -9.709002
-0.003765 -0.017951 0.003235 4.500185
0.014877 0.012046 0.002842 -9.499956
-0.006209 0.017958 0.004611 5.632770
-0.019261 -0.008396 0.000969 -4.481469
-0.021093 0.006195 0.000587 7.009200
0.021179 -0.006499 -0.000334 7.248599
0.006821 -0.021024 0.002793 3.163221
-0.003481 -0.022142 0.004460 3.787605
-0.023124 -0.002109 0.000531 2.686870
0.000000 0.000000 0.000000 -0.956179
-0.007670 0.001928 0.004638 -7.312621
-0.000974 -0.010720 0.011322 -2.831610
-0.014492 0.005591 0.005530 2.062492
0.007032 -0.011491 0.010527 -2.126594
-0.008836 -0.009270 0.011662 -2.755144
-0.003715 -0.012317 0.012525 5.906626
-0.011675 -0.009376 0.012498 0.496843
-0.016486 -0.007303 0.012916 -7.091794
0.014867 -0.013082 0.010046 0.927118
0.004090 0.018458 0.012438 -2.534904
0.011632 0.015270 0.012106 2.501356
-0.019205 -0.006047 0.012811 0.661531
-0.022214 0.006370 0.006752 -2.661207
0.018851 0.010299 0.011774 7.437603
-0.003286 0.022553 0.012788 3.665123
0.022143 -0.013885 0.009349 -7.034120
0.026272 0.006206 0.011446 -8.132779
0.026160 -0.010307 0.008654 -7.673813
-0.026544 -0.002766 0.012769 -4.116376
0.000000 0.000000 0.000000 4.376764
-0.000130 0.008388 0.000112 3.792738
0.000289 -0.008690 -0.001306 -4.279851
-0.011286 0.000653 0.000249 11.839431
0.011463 -0.000946 -0.001238 2.440856
-0.010998 -0.007989 -0.000546 9.596509
0.011512 0.007230 -0.001834 -1.924118
-0.011244 0.008854 0.000026 -1.046278
0.011606 -0.009359 -0.001374 -1.146351
0.000088 0.016319 -0.000963 2.452567
0.000588 -0.017379 -0.002492 4.818623
0.011721 0.015135 -0.003115 -9.958980
-0.011059 -0.016226 -0.000478 9.556261
-0.011045 0.016783 -0.001205 10.765197
0.011561 -0.017544 -0.001182 -4.494847
-0.022082 0.000650 -0.001299 5.503544
0.022263 -0.000876 0.000918 -7.100396
-0.022102 -0.007582 -0.001063 -12.362840
0.022474 0.007053 -0.000336 -3.638975
-0.022085 0.008889 -0.001542 -3.698744
0.000000 0.000000 0.000000 4.808136
0.007273 0.003637 0.000000 5.254648
0.003637 -0.007273 0.000000 12.889974
-0.003637 0.007273 0.000000 -0.966303
-0.007273 -0.003637 -0.000000 -7.406225
0.003637 0.010910 0.000000 -6.316595
0.010910 -0.003637 0.000000 8.437591
-0.010910 0.003637 -0.000000 8.532157
-0.003637 -0.010910 -0.000000 -1.619119
-0.007273 0.014546 0.000000 6.744387
-0.014546 -0.007273 -0.000000 -4.723097
0.014546 0.007273 0.000000 3.306782
0.007273 -0.014546 -0.000000 3.851184
-0.000000 0.018183 0.000000 6.383845
-0.014546 0.010910 -0.000000 -6.531100
-0.018183 -0.000000 -0.000000 -2.288479
-0.010910 -0.014546 -0.000000 -3.585660
0.010910 0.014546 0.000000 1.353554
0.018183 0.000000 0.000000 2.733634
0.014546 -0.010910 0.000000 7.083746
0.000000 0.000000 0.000000 -11.574718
-0.007273 0.003637 0.000000 -20.314546
-0.003637 -0.007273 0.000000 -2.339367
0.003637 0.007273 0.000000 -1.756904
0.007273 -0.003637 0.000000 -4.450713
-0.010910 -0.003637 0.000000 1.697052
-0.003637 0.010910 0.000000 3.893472
0.003637 -0.010910 0.000000 1.989057
0.010910 0.003637 0.000000 -5.508694
0.007273 0.014546 0.000000 -5.448523
0.014546 -0.007273 0.000000 4.691944
-0.014546 0.007273 0.000000 -9.889177
-0.007273 -0.014546 0.000000 -2.307500
0.000000 0.018183 0.000000 7.331911
0.014546 0.010910 0.000000 -1.291002
0.018183 0.000000 0.000000 -6.133065
-0.018183 -0.000000 0.000000 11.400189
-0.010910 0.014546 0.000000 8.363987
0.010910 -0.014546 0.000000 -5.637406
-0.014546 -0.010910 0.000000 -5.801828
0.000000 0.000000 0.000000 7.066271
0.003636 0.007273 0.000000 14.151196
-0.007273 0.003636 0.000000 6.255952
-0.003636 -0.007273 0.000000 -0.285858
0.007273 -0.003636 0.000000 -0.141208
-0.003637 0.010910 0.000000 0.296600
0.010910 0.003637 0.000000 -1.657794
-0.010910 -0.003637 0.000000 6.697774
0.003637 -0.010910 0.000000 -5.338776
0.007273 0.014547 0.000000 5.450915
-0.007273 -0.014547 0.000000 -2.597232
-0.014547 0.007273 0.000000 -2.398409
0.014547 -0.007273 0.000000 22.891867
-0.000000 0.018183 0.000000 -12.451631
0.014546 0.010910 0.000000 1.845780
-0.010910 0.014546 0.000000 1.494530
0.018183 0.000000 0.000000 -13.616324
-0.014546 -0.010910 0.000000 -0.160941
-0.018183 -0.000000 0.000000 -6.945224
0.010910 -0.014546 0.000000 -1.919526
0.000000 0.000000 0.000000 -5.348545
-0.000000 0.007717 0.002564 -6.431098
0.000000 -0.007717 -0.002564 6.248490
0.008132 -0.000000 0.000000 1.489099
-0.008132 0.000000 -0.000000 11.395494
0.008132 0.007717 0.002564 9.384268
0.008132 -0.007717 -0.002564 8.917536
-0.008132 -0.007717 -0.002564 -11.598014
-0.008132 0.007717 0.002564 -3.034725
0.000000 0.010281 -0.005153 -4.255914
0.008132 0.010281 -0.005153 10.661919
-0.008132 0.010281 -0.005153 10.437451
-0.016263 0.000000 -0.000000 -12.057011
0.016263 -0.000000 0.000000 9.374535
0.000000 -0.015434 -0.005128 -14.519402
-0.016263 0.007717 0.002564 1.382533
-0.016263 -0.007717 -0.002564 -0.543817
0.016263 -0.007717 -0.002564 10.097752
0.016263 0.007717 0.002564 1.995013
0.000000 0.012845 -0.012870 -9.410067
0.000000 0.000000 0.000000 12.428191
0.003637 0.007273 0.000000 0.299847
-0.007273 0.003637 0.000000 -0.559675
0.007273 -0.003637 0.000000 -12.415479
-0.003637 -0.007273 0.000000 -3.354691
-0.003637 0.010910 0.000000 1.235169
0.010910 0.003637 0.000000 -1.320326
-0.010910 -0.003637 0.000000 7.141372
0.003637 -0.010910 0.000000 -9.293575
0.007273 0.014546 0.000000 7.302352
-0.014546 0.007273 0.000000 -4.430065
0.014546 -0.007273 0.000000 -4.736396
-0.007273 -0.014546 0.000000 6.769575
-0.000000 0.018183 0.000000 7.463727
0.014546 0.010910 0.000000 -2.269506
-0.010910 0.014546 0.000000 -11.753487
0.018183 -0.000000 0.000000 0.638526
0.010910 -0.014546 0.000000 -5.859040
-0.018183 -0.000000 0.000000 20.730673
-0.014546 -0.010910 0.000000 1.362561
0.000000 0.000000 0.000000 -4.482886
-0.008088 -0.000700 -0.000460 -6.339434
-0.000700 0.008101 -0.000010 10.203615
0.000700 -0.008102 0.000010 -6.359368
0.008089 0.000700 0.000460 4.695732
-0.008789 0.007402 -0.000470 -3.723146
-0.007388 -0.008801 -0.000449 2.001417
0.007388 0.008801 0.000449 0.911898
0.008789 -0.007402 0.000470 2.923773
-0.016177 -0.001399 -0.000919 -3.297648
0.016177 0.001399 0.000919 17.534811
0.001400 -0.016203 0.000021 -13.197110
-0.001400 0.016203 -0.000021 -3.078970
-0.016877 0.006702 -0.000930 -10.530831
-0.006688 -0.016903 -0.000439 2.817400
-0.015477 -0.009501 -0.000909 -5.766652
0.009489 -0.015503 0.000480 -7.032501
0.015477 0.009501 0.000909 8.302465
-0.009489 0.015503 -0.000480 -0.178270
-0.016636 -0.001429 0.007199 -4.476411
0.000000 0.000000 0.000000 6.032434
0.003637 0.007273 0.000000 -3.950142
-0.007273 0.003637 0.000000 -16.005721
-0.003637 -0.007273 0.000000 -5.591921
0.007273 -0.003637 0.000000 -3.001547
-0.003637 0.010910 0.000000 3.902013
0.010910 0.003637 0.000000 12.880401
-0.010910 -0.003637 0.000000 8.520572
0.003637 -0.010910 0.000000 6.618168
-0.014546 0.007273 0.000000 -4.975654
0.007273 0.014546 0.000000 2.297495
0.014546 -0.007273 0.000000 7.373140
-0.007273 -0.014546 0.000000 6.798218
-0.010910 0.014546 0.000000 -8.448053
-0.000000 0.018183 0.000000 -1.918281
-0.018183 -0.000000 0.000000 1.680769
0.014546 0.010910 0.000000 -6.991080
0.018183 0.000000 0.000000 -3.835193
-0.014546 -0.010910 0.000000 8.191866
0.010910 -0.014546 0.000000 -1.027685
0.000000 0.000000 0.000000 1.021358
-0.003637 0.007273 0.000000 -0.903622
0.007273 0.003637 0.000000 -0.212059
-0.007273 -0.003637 0.000000 0.293124
0.003637 -0.007273 0.000000 -4.066535
0.003637 0.010910 0.000000 3.559147
-0.010910 0.003637 0.000000 4.540228
0.010910 -0.003637 0.000000 8.921878
-0.003637 -0.010910 0.000000 -2.226135
-0.007273 0.014546 0.000000 8.238688
0.014546 0.007273 0.000000 -1.394388
-0.014546 -0.007273 0.000000 -1.041616
0.007273 -0.014546 0.000000 4.122601
0.000000 0.018183 0.000000 -0.170049
-0.014546 0.010910 0.000000 -1.854817
0.010910 0.014546 0.000000 11.697083
-0.018183 -0.000000 0.000000 -13.934691
0.014546 -0.010910 0.000000 3.831017
0.018183 -0.000000 0.000000 9.244122
-0.010910 -0.014546 0.000000 -15.984232
0.000000 0.000000 0.000000 -2.483931
0.003637 0.007273 0.000000 1.271112
-0.007273 0.003637 0.000000 -6.606149
0.007273 -0.003637 0.000000 -3.895825
-0.003637 -0.007273 0.000000 8.323722
-0.003637 0.010910 0.000000 -5.423950
0.010910 0.003636 0.000000 -12.225392
-0.010910 -0.003637 0.000000 3.972610
0.003637 -0.010910 0.000000 -5.829654
0.007273 0.014546 0.000000 13.990847
-0.014546 0.007273 0.000000 -10.067789
0.014546 -0.007273 0.000000 4.812237
-0.007273 -0.014546 0.000000 -7.264203
0.000000 0.018183 0.000000 5.634678
0.014546 0.010910 0.000000 -8.768695
-0.010910 0.014546 0.000000 -5.231603
0.018183 -0.000000 0.000000 -8.438307
0.010910 -0.014547 0.000000 0.879008
-0.018183 -0.000000 0.000000 -5.101615
-0.014547 -0.010910 0.000000 -14.094184
0.000000 0.000000 0.000000 10.506828
-0.003637 0.007273 0.000000 12.070230
0.007273 0.003637 0.000000 -12.546365
0.003637 -0.007273 0.000000 -14.828593
-0.007273 -0.003637 0.000000 6.431184
0.003637 0.010910 0.000000 16.193952
-0.010910 0.003637 0.000000 -7.664753
0.010910 -0.003637 0.000000 3.802746
-0.003637 -0.010910 0.000000 -4.938737
0.014546 0.007273 0.000000 1.534647
-0.007273 0.014546 0.000000 -9.720354
-0.014546 -0.007273 0.000000 6.297443
0.007273 -0.014546 0.000000 4.019008
0.010910 0.014546 0.000000 7.312332
0.018183 -0.000000 0.000000 2.380972
0.000000 0.018183 0.000000 6.322427
-0.018183 -0.000000 0.000000 0.880191
-0.014546 0.010910 0.000000 -2.643317
-0.010910 -0.014546 0.000000 17.092775
0.014546 -0.010910 0.000000 10.268031
0.000000 0.000000 0.000000 7.988923
-0.003637 0.007273 0.000000 -9.186502
0.007273 0.003637 0.000000 0.169644
-0.007273 -0.003637 0.000000 -2.907335
0.003637 -0.007273 0.000000 6.103896
-0.010910 0.003637 0.000000 1.130108
0.003637 0.010910 0.000000 2.184029
0.010910 -0.003637 0.000000 5.665448
-0.003637 -0.010910 0.000000 3.248700
-0.007273 0.014546 0.000000 -7.361432
-0.014546 -0.007273 0.000000 -9.835331
0.014546 0.007273 0.000000 -7.621120
0.007273 -0.014546 0.000000 -4.383287
0.000000 0.018183 0.000000 1.942465
-0.014546 0.010910 0.000000 5.749984
-0.018183 0.000000 0.000000 0.515992
0.010910 0.014546 0.000000 6.276357
0.018183 -0.000000 0.000000 2.625985
-0.010910 -0.014546 0.000000 6.315182
0.014546 -0.010910 0.000000 8.303980
0.000000 0.000000 0.000000 7.956660
0.007273 0.003637 0.000000 -3.386772
-0.007273 -0.003637 0.000000 1.380900
-0.003637 0.007273 0.000000 14.791953
0.003637 -0.007273 0.000000 -2.021488
0.010910 -0.003637 0.000000 -4.544803
0.003636 0.010910 0.000000 4.657488
-0.003636 -0.010910 0.000000 2.847288
-0.010910 0.003637 0.000000 -2.100806
0.014546 0.007273 0.000000 -7.110379
-0.007273 0.014546 0.000000 -7.804472
-0.014546 -0.007273 0.000000 -17.671196
0.007273 -0.014546 0.000000 -15.348684
0.018183 0.000000 0.000000 -10.743407
0.010910 0.014547 0.000000 0.499407
-0.000000 0.018183 0.000000 -18.447001
-0.014547 0.010910 0.000000 -6.656038
0.014547 -0.010910 0.000000 -2.539800
-0.018183 -0.000000 0.000000 7.067975
-0.010910 -0.014547 0.000000 -0.960523
0.000000 0.000000 0.000000 7.968086
0.007273 0.003637 0.000000 -4.345199
-0.007273 -0.003637 0.000000 -2.155548
-0.003637 0.007273 0.000000 -1.805433
0.003637 -0.007273 0.000000 -4.590377
0.010910 -0.003637 0.000000 0.866764
0.003637 0.010910 0.000000 7.489288
-0.010910 0.003637 0.000000 -4.807529
-0.003637 -0.010910 0.000000 -4.962070
-0.007273 0.014546 0.000000 7.038824
0.014546 0.007273 0.000000 2.960864
-0.014546 -0.007273 0.000000 -4.828822
0.007273 -0.014546 0.000000 -9.524182
-0.000000 0.018183 0.000000 -13.629905
-0.014546 0.010910 0.000000 8.549246
0.010910 0.014546 0.000000 -3.455665
0.018183 0.000000 0.000000 4.545139
-0.018183 -0.000000 0.000000 1.801735
-0.010910 -0.014546 0.000000 6.271639
0.014547 -0.010910 0.000000 3.464859
0.000000 0.000000 0.000000 11.373920
0.007273 0.003637 0.000000 -2.373626
-0.003637 0.007273 0.000000 3.714087
-0.007273 -0.003637 0.000000 -1.679855
0.003637 -0.007273 0.000000 -2.027693
0.003636 0.010910 0.000000 -14.202488
-0.010910 0.003636 0.000000 -5.894023
0.010910 -0.003637 0.000000 -3.844557
-0.003637 -0.010910 0.000000 -6.092223
-0.007273 0.014546 0.000000 2.011465
0.014546 0.007273 0.000000 -5.157101
-0.014546 -0.007273 0.000000 10.876123
0.007273 -0.014546 0.000000 -0.872721
-0.000000 0.018183 0.000000 1.048690
-0.014546 0.010910 0.000000 -14.193822
0.010910 0.014546 0.000000 0.808076
0.018183 0.000000 0.000000 3.557503
-0.018183 -0.000000 0.000000 -3.399854
-0.010910 -0.014547 0.000000 -0.784158
0.014546 -0.010910 0.000000 13.293591
0.000000 0.000000 0.000000 8.128113
0.003637 0.007273 0.000000 -1.172744
-0.007273 0.003637 0.000000 -16.505678
0.007273 -0.003637 0.000000 1.531061
-0.003637 -0.007273 0.000000 8.700303
-0.003637 0.010910 0.000000 -14.123694
0.010910 0.003636 0.000000 -8.871893
-0.010910 -0.003637 0.000000 1.567653
0.003637 -0.010910 0.000000 -7.403697
0.007273 0.014546 0.000000 11.457237
-0.014546 0.007273 0.000000 -6.340936
0.014546 -0.007273 0.000000 -10.293025
-0.007273 -0.014546 0.000000 1.576710
0.000000 0.018183 0.000000 7.290363
0.014546 0.010910 0.000000 0.070550
-0.010910 0.014546 0.000000 4.349820
0.018183 -0.000000 0.000000 0.283136
-0.018183 -0.000000 0.000000 4.188313
0.010910 -0.014547 0.000000 -2.145391
-0.014546 -0.010910 0.000000 11.165454
0.000000 0.000000 0.000000 -13.205754
-0.003637 -0.007273 0.000000 -9.069516
-0.007273 0.003637 0.000000 -1.475585
0.003637 0.007273 0.000000 10.410637
0.007273 -0.003637 0.000000 -3.650220
-0.010910 -0.003637 0.000000 -2.193052
-0.003637 0.010910 0.000000 6.244433
0.003637 -0.010910 0.000000 -4.604742
0.010910 0.003637 0.000000 -3.637468
-0.014546 0.007273 0.000000 -6.461173
0.007273 0.014546 0.000000 -3.476906
0.014546 -0.007273 0.000000 -3.736147
-0.007273 -0.014546 0.000000 -19.357970
-0.010910 0.014546 0.000000 1.712598
-0.018183 0.000000 0.000000 -2.419419
0.000000 0.018183 0.000000 3.710104
0.018183 -0.000000 0.000000 -2.668705
0.010910 -0.014546 0.000000 -14.590678
-0.014546 -0.010910 0.000000 4.718957
0.014546 0.010910 0.000000 -3.432756
0.000000 0.000000 0.000000 3.873672
-0.003637 0.007273 0.000000 1.891431
0.007273 0.003637 0.000000 4.025697
0.003637 -0.007273 0.000000 13.623342
-0.007273 -0.003637 0.000000 -11.709110
0.003637 0.010910 0.000000 1.522486
0.010910 -0.003637 0.000000 -9.428669
-0.010910 0.003637 0.000000 -1.312088
-0.003637 -0.010910 0.000000 1.063442
-0.007273 0.014546 0.000000 -12.352080
-0.014546 -0.007273 0.000000 -1.071315
0.007273 -0.014546 0.000000 -22.019892
0.014546 0.007273 0.000000 -1.606417
0.000000 0.018183 0.000000 -2.661713
-0.014546 0.010910 0.000000 -10.646841
0.010910 0.014546 0.000000 5.923430
-0.018183 0.000000 0.000000 -2.053930
-0.010910 -0.014546 0.000000 -15.718407
0.018183 -0.000000 0.000000 5.377976
0.014546 -0.010910 0.000000 7.497988
0.000000 0.000000 0.000000 8.279661
-0.007273 0.003637 0.000000 -1.598252
0.003637 0.007273 0.000000 -6.712662
0.007273 -0.003637 -0.000000 -17.432914
-0.003637 -0.007273 0.000000 -14.443385
-0.003637 0.010910 0.000000 -13.979990
0.010910 0.003637 -0.000000 -5.994757
-0.010910 -0.003637 0.000000 7.953317
0.003637 -0.010910 -0.000000 -1.620654
0.007273 0.014546 0.000000 -13.614714
-0.014546 0.007273 0.000000 6.447414
0.014546 -0.007273 -0.000000 2.671852
-0.007273 -0.014546 0.000000 -2.661991
0.018183 -0.000000 -0.000000 5.070658
-0.010910 0.014546 0.000000 17.872210
0.000000 0.018183 0.000000 5.367182
-0.014546 -0.010910 0.000000 0.167636
-0.018183 0.000000 0.000000 3.342491
0.010910 -0.014546 -0.000000 -6.015167
0.014546 0.010910 -0.000000 -5.282655
0.000000 0.000000 0.000000 13.560025
-0.003637 0.007273 0.000000 -6.143065
0.003637 -0.007273 0.000000 -9.090179
-0.007273 -0.003637 0.000000 -13.219258
0.007273 0.003637 0.000000 -8.864382
-0.010910 0.003637 0.000000 14.324940
0.003637 0.010910 0.000000 3.835235
0.010910 -0.003637 0.000000 0.292947
-0.003637 -0.010910 0.000000 7.014759
-0.007273 0.014546 0.000000 7.452561
0.014547 0.007273 0.000000 2.733104
-0.014547 -0.007273 0.000000 7.258749
0.007273 -0.014547 0.000000 9.885918
-0.014546 0.010910 0.000000 -3.390120
0.000000 0.018183 0.000000 1.098240
0.010910 0.014546 0.000000 2.888100
0.018183 -0.000000 0.000000 -2.122545
-0.018183 0.000000 0.000000 -2.787671
-0.010910 -0.014546 0.000000 7.188552
0.014546 -0.010910 0.000000 -0.104326
0.000000 0.000000 0.000000 4.029789
-0.007273 0.003637 0.000000 -8.551015
0.007273 -0.003637 0.000000 5.138435
0.003637 0.007273 0.000000 8.026832
-0.003637 -0.007273 0.000000 2.257705
-0.003637 0.010910 0.000000 -6.115273
0.010910 0.003637 0.000000 5.340527
0.003637 -0.010910 0.000000 -5.184755
-0.010910 -0.003637 0.000000 7.766373
0.007273 0.014546 0.000000 -2.597891
0.014546 -0.007273 0.000000 7.052818
-0.014546 0.007273 0.000000 -11.646191
-0.007273 -0.014546 0.000000 5.636835
0.000000 0.018183 0.000000 7.481091
0.014546 0.010910 0.000000 0.648060
-0.018183 0.000000 0.000000 -6.015988
0.018183 -0.000000 0.000000 0.323873
0.010910 -0.014546 0.000000 -1.020985
-0.010910 0.014546 0.000000 -7.136834
-0.014546 -0.010910 0.000000 5.589050
0.000000 0.000000 0.000000 0.079078
-0.003637 0.007273 0.000000 0.392871
-0.007273 -0.003637 0.000000 -1.372050
0.003637 -0.007273 0.000000 9.598355
0.007273 0.003637 0.000000 3.105408
0.003637 0.010910 0.000000 15.791752
-0.010910 0.003637 0.000000 17.814190
0.010910 -0.003637 0.000000 10.886126
-0.003637 -0.010910 0.000000 -8.337925
-0.007273 0.014546 0.000000 -1.838803
-0.014546 -0.007273 0.000000 2.488031
0.007273 -0.014546 0.000000 -3.569564
0.014546 0.007273 0.000000 0.936858
0.000000 0.018183 0.000000 -3.942182
-0.014546 0.010910 0.000000 8.957248
0.010910 0.014546 0.000000 0.054035
-0.018183 0.000000 0.000000 1.137160
-0.010910 -0.014546 0.000000 -11.307800
0.018183 -0.000000 0.000000 -8.865885
0.014546 -0.010910 0.000000 -2.552576
0.000000 0.000000 0.000000 -2.224116
-0.000333 0.006308 -0.005120 -7.245486
0.008104 0.000629 0.000248 9.111552
-0.008104 -0.000629 -0.000248 -3.740118
0.000589 -0.005092 -0.006312 1.143058
0.007771 0.006938 -0.004872 7.297305
-0.008437 0.005679 -0.005368 -9.838087
0.008692 -0.004463 -0.006064 -8.829732
-0.007515 -0.005722 -0.006561 0.925849
-0.000666 0.012617 -0.010240 -6.107040
0.016207 0.001258 0.000496 -5.328135
-0.016207 -0.001258 -0.000496 2.274765
0.001177 -0.010185 -0.012625 -9.867394
0.007438 0.013246 -0.009992 2.038592
-0.008770 0.011988 -0.010489 -5.135430
0.015874 0.007567 -0.004624 12.823135
-0.016540 0.005050 -0.005617 8.439820
0.016796 -0.003834 -0.005816 11.400238
-0.015618 -0.006351 -0.006809 -14.457771
0.009281 -0.009555 -0.012377 -2.265808
0.000000 0.000000 0.000000 0.959561
0.007273 0.003637 -0.000000 -4.547813
-0.003637 0.007273 -0.000000 0.685732
0.003637 -0.007273 0.000000 -5.917632
-0.007273 -0.003637 -0.000000 -5.725688
0.010910 -0.003637 0.000000 -0.444128
0.003637 0.010910 -0.000000 -6.293798
-0.003637 -0.010910 0.000000 7.054203
-0.010910 0.003637 -0.000000 -9.094316
0.014546 0.007273 -0.000000 -2.336666
-0.007273 0.014546 -0.000000 6.080653
-0.014546 -0.007273 0.000000 -3.886353
0.007273 -0.014546 0.000000 -15.228602
0.018183 0.000000 0.000000 -11.950726
0.010910 0.014546 -0.000000 -0.330337
-0.000000 0.018183 -0.000000 4.699784
0.014546 -0.010910 0.000000 6.209433
-0.018183 -0.000000 -0.000000 -10.746679
-0.010910 -0.014546 0.000000 3.519450
-0.014546 0.010910 -0.000000 8.673905
0.000000 0.000000 0.000000 8.979290
-0.003636 -0.007273 0.000000 9.890265
0.003637 0.007273 0.000000 2.085590
-0.007273 0.003637 0.000000 2.472477
0.007273 -0.003637 0.000000 12.788064
-0.010910 -0.003637 0.000000 1.380242
0.003637 -0.010910 0.000000 -0.776014
-0.003637 0.010910 0.000000 16.482942
0.010910 0.003637 0.000000 -5.912816
0.007273 0.014546 0.000000 4.079453
-0.014546 0.007273 0.000000 -1.655603
0.014546 -0.007273 0.000000 -7.808319
-0.007273 -0.014547 0.000000 -2.912718
-0.018183 -0.000000 0.000000 -6.131595
-0.000000 0.018183 0.000000 -4.502538
-0.010910 0.014546 0.000000 -6.175463
0.010910 -0.014546 0.000000 -3.575264
0.014546 0.010910 0.000000 0.492731
0.018183 0.000000 0.000000 -5.939491
-0.014546 -0.010910 0.000000 -8.296384
0.000000 0.000000 0.000000 -1.479508
0.003637 0.007273 0.000000 -7.105997
-0.007273 0.003637 0.000000 -2.447263
-0.003637 -0.007273 0.000000 0.752042
0.007273 -0.003637 0.000000 2.745422
-0.003637 0.010910 0.000000 2.476374
0.010910 0.003637 0.000000 1.731936
-0.010910 -0.003637 0.000000 -3.032846
0.003637 -0.010910 0.000000 8.090933
0.007273 0.014546 0.000000 1.979407
-0.014546 0.007273 0.000000 -1.189847
0.014546 -0.007273 0.000000 -12.085757
-0.007273 -0.014546 0.000000 15.886393
-0.010910 0.014546 0.000000 6.280994
-0.000000 0.018183 0.000000 6.545855
0.014546 0.010910 0.000000 -6.075747
-0.018183 -0.000000 0.000000 12.238350
0.018183 -0.000000 0.000000 -14.984708
0.010910 -0.014546 0.000000 -6.222453
-0.014546 -0.010910 0.000000 11.005046
0.000000 0.000000 0.000000 10.918387
0.007273 0.003637 0.000000 7.960585
-0.003637 0.007273 0.000000 3.248341
0.003637 -0.007273 0.000000 -4.922448
-0.007273 -0.003637 0.000000 -6.957322
0.003637 0.010910 0.000000 3.158322
0.010910 -0.003637 0.000000 10.020219
-0.010910 0.003636 0.000000 -10.539334
-0.003637 -0.010910 0.000000 -9.539536
0.014546 0.007273 0.000000 3.368524
-0.007273 0.014546 0.000000 0.583953
0.007273 -0.014546 0.000000 0.532578
-0.014546 -0.007273 0.000000 -12.410953
0.010910 0.014546 0.000000 -5.085974
0.018183 -0.000000 0.000000 -4.316329
-0.000000 0.018183 0.000000 3.939597
0.014546 -0.010910 0.000000 -0.428565
-0.014547 0.010910 0.000000 4.770101
-0.018183 -0.000000 0.000000 -12.009168
-0.010910 -0.014547 0.000000 -10.217021
0.000000 0.000000 0.000000 0.931820
-0.003637 -0.007273 0.000000 0.073465
0.003637 0.007273 0.000000 -0.251512
0.007273 -0.003637 0.000000 11.196215
-0.007273 0.003637 0.000000 2.535864
0.003637 -0.010910 0.000000 6.208376
-0.010910 -0.003637 0.000000 -11.336286
0.010910 0.003637 0.000000 -11.474165
-0.003637 0.010910 0.000000 10.216856
-0.007273 -0.014546 0.000000 0.637001
0.014546 -0.007273 0.000000 -0.776296
-0.014546 0.007273 0.000000 0.739081
0.007273 0.014546 0.000000 12.292446
0.000000 -0.018183 0.000000 4.795237
0.010910 -0.014546 0.000000 2.451172
-0.014546 -0.010910 0.000000 -7.395485
-0.018183 -0.000000 0.000000 -1.995657
0.018183 0.000000 0.000000 -14.036397
-0.010910 0.014546 0.000000 -1.496390
0.014546 0.010910 0.000000 -9.792590
0.000000 0.000000 0.000000 -9.084711
-0.007273 0.003637 0.000000 -1.062759
0.003637 0.007273 0.000000 -7.818849
0.007273 -0.003637 0.000000 0.436130
-0.003637 -0.007273 0.000000 3.053263
-0.003636 0.010910 0.000000 -12.433938
0.010910 0.003636 0.000000 1.078016
-0.010910 -0.003637 0.000000 -4.359794
0.003636 -0.010910 0.000000 -9.158101
0.007273 0.014546 0.000000 -15.962955
-0.014546 0.007273 0.000000 8.220731
0.014546 -0.007273 0.000000 3.903899
-0.007273 -0.014546 0.000000 -7.983478
0.000000 0.018183 0.000000 -3.793936
0.014547 0.010910 0.000000 -14.071017
-0.010910 0.014547 0.000000 -6.680745
0.018183 -0.000000 0.000000 -7.048763
0.010910 -0.014547 0.000000 11.381030
-0.018183 0.000000 0.000000 -2.179636
-0.014547 -0.010910 0.000000 4.578777
0.000000 0.000000 0.000000 -6.847560
0.003637 0.007273 0.000000 -2.832092
-0.003637 -0.007273 0.000000 1.769578
-0.007273 0.003637 0.000000 -4.567195
0.007273 -0.003637 0.000000 -0.965577
-0.003637 0.010910 0.000000 5.525608
-0.010910 -0.003637 0.000000 5.333939
0.010910 0.003637 0.000000 -5.790878
0.003637 -0.010910 0.000000 -0.620511
0.007273 0.014546 0.000000 1.656886
-0.014546 0.007273 0.000000 8.891503
0.014546 -0.007273 0.000000 -4.404042
-0.007273 -0.014546 0.000000 7.087207
-0.000000 0.018183 0.000000 -2.453999
0.018183 0.000000 0.000000 9.399304
-0.010910 0.014546 0.000000 0.432621
0.010910 -0.014546 0.000000 0.263714
-0.018183 -0.000000 0.000000 -7.291857
0.014546 0.010910 0.000000 -3.804246
-0.014546 -0.010910 0.000000 6.375740
0.000000 0.000000 0.000000 -14.974245
0.007273 -0.003637 0.000000 3.641698
-0.003637 -0.007273 0.000000 -14.541647
0.003637 0.007273 0.000000 7.672980
-0.007273 0.003637 0.000000 3.077201
0.003637 -0.010910 0.000000 12.935252
0.010910 0.003637 0.000000 2.455732
-0.010910 -0.003637 0.000000 1.612321
-0.003637 0.010910 0.000000 0.106369
0.014546 -0.007273 0.000000 -0.315794
-0.007273 -0.014546 0.000000 -14.250726
0.007273 0.014546 0.000000 -0.629070
-0.014546 0.007273 0.000000 0.408377
0.010910 -0.014546 0.000000 11.404317
0.018183 -0.000000 0.000000 -3.822541
-0.000000 -0.018183 0.000000 -1.298947
0.014546 0.010910 0.000000 -5.505264
-0.018183 0.000000 0.000000 12.785140
-0.014547 -0.010910 0.000000 -6.102168
-0.010910 0.014546 0.000000 13.813341
0.000000 0.000000 0.000000 -5.040025
-0.003637 -0.007273 0.000000 2.012703
0.003637 0.007273 0.000000 -7.566088
-0.007273 0.003637 0.000000 3.883040
0.007273 -0.003637 0.000000 -19.842759
-0.003637 0.010910 0.000000 7.803645
-0.010910 -0.003637 0.000000 -1.957148
0.010910 0.003637 0.000000 -2.582610
0.003637 -0.010910 0.000000 3.906258
-0.014546 0.007273 0.000000 11.901411
0.007273 0.014546 0.000000 10.984128
-0.007273 -0.014546 0.000000 4.829480
0.014546 -0.007273 0.000000 6.494183
-0.018183 -0.000000 0.000000 8.875523
-0.010910 0.014546 0.000000 -9.367235
0.018183 0.000000 0.000000 5.263023
0.010910 -0.014546 0.000000 8.971608
-0.000000 0.018183 0.000000 -8.029444
-0.014546 -0.010910 0.000000 -1.871783
0.014546 0.010910 0.000000 -11.492811
0.000000 0.000000 0.000000 1.999395
0.007273 -0.003637 0.000000 -5.863860
-0.007273 0.003637 0.000000 -6.834676
0.003637 0.007273 0.000000 15.456555
-0.003637 -0.007273 0.000000 6.411084
0.010910 0.003637 0.000000 -6.337375
0.003637 -0.010910 0.000000 -8.213061
-0.003637 0.010910 0.000000 9.543621
-0.010910 -0.003637 0.000000 9.099998
0.007273 0.014546 0.000000 -12.472036
-0.014546 0.007273 0.000000 7.835552
0.014546 -0.007273 0.000000 -1.094432
-0.007273 -0.014546 0.000000 -2.579112
-0.010910 0.014546 0.000000 5.786040
0.000000 0.018183 0.000000 -9.411668
0.018183 -0.000000 0.000000 3.017774
0.014546 0.010910 0.000000 -1.077989
-0.018183 -0.000000 0.000000 -6.501584
0.010910 -0.014546 0.000000 -0.086347
-0.014546 -0.010910 0.000000 -1.527408
0.000000 0.000000 0.000000 -9.085438
-0.003637 0.007273 0.000000 -8.559530
0.003637 -0.007273 0.000000 10.052178
0.007273 0.003637 0.000000 2.408390
-0.007273 -0.003637 0.000000 -7.727310
0.003637 0.010910 0.000000 -6.427233
-0.010910 0.003637 0.000000 -5.381874
0.010910 -0.003637 0.000000 4.829962
-0.003637 -0.010910 0.000000 14.281080
-0.007273 0.014546 0.000000 5.759897
-0.014546 -0.007273 0.000000 8.426752
0.014546 0.007273 0.000000 -0.086224
0.007273 -0.014546 0.000000 -1.634702
-0.018183 -0.000000 0.000000 0.808124
0.010910 0.014546 0.000000 -3.916997
-0.014546 0.010910 0.000000 -5.000357
-0.010910 -0.014546 0.000000 -3.675056
0.018183 0.000000 0.000000 15.589169
0.014546 -0.010910 0.000000 5.776284
-0.000000 0.018183 0.000000 -1.640707
0.000000 0.000000 0.000000 -3.877412
0.003637 0.007273 0.000000 16.998683
0.007273 -0.003637 0.000000 -9.933663
-0.007273 0.003637 0.000000 -1.094820
-0.003637 -0.007273 0.000000 -7.896348
-0.003637 0.010910 0.000000 -3.483267
0.010910 0.003637 0.000000 -4.710001
-0.010910 -0.003637 0.000000 -6.434620
0.003637 -0.010910 0.000000 -3.235056
0.007273 0.014546 0.000000 4.134284
0.014546 -0.007273 0.000000 3.685930
-0.014546 0.007273 0.000000 -2.110499
-0.007273 -0.014546 0.000000 1.020541
0.014546 0.010910 0.000000 13.510094
-0.000000 0.018183 0.000000 3.877376
-0.010910 0.014546 0.000000 0.132237
0.018183 -0.000000 0.000000 4.138282
0.010910 -0.014546 0.000000 -4.165998
-0.018183 -0.000000 0.000000 -1.622051
-0.014546 -0.010910 0.000000 -13.747354
0.000000 0.000000 0.000000 -5.885140
0.007273 0.003637 0.000000 -6.268870
-0.003637 0.007273 0.000000 16.113649
0.003637 -0.007273 0.000000 1.625776
-0.007273 -0.003637 0.000000 15.872414
0.003637 0.010910 0.000000 0.658043
0.010910 -0.003637 0.000000 -4.738262
-0.010910 0.003637 0.000000 13.008413
-0.003637 -0.010910 0.000000 7.162907
0.014546 0.007273 0.000000 10.757927
-0.007273 0.014546 0.000000 3.329399
-0.014546 -0.007273 0.000000 -0.687318
0.007273 -0.014546 0.000000 8.187038
0.000000 0.018183 0.000000 1.819594
0.014546 -0.010910 0.000000 3.582891
0.010910 0.014546 0.000000 -11.454967
-0.018183 0.000000 0.000000 2.865026
0.018183 -0.000000 0.000000 1.866483
-0.010910 -0.014546 0.000000 -0.208004
-0.014546 0.010910 0.000000 -1.988356
0.000000 0.000000 0.000000 -10.124513
-0.008083 0.000890 -0.000025 8.232671
-0.000645 -0.005698 0.005765 5.221539
0.008083 -0.000890 0.000025 -1.037061
0.000613 0.005733 0.005735 -5.043204
-0.008728 -0.004808 0.005740 6.165892
0.007438 -0.006588 0.005790 7.551064
-0.007470 0.006623 0.005710 -2.735946
0.008696 0.004843 0.005759 -18.861160
-0.001290 -0.011396 0.011531 16.331779
-0.016166 0.001779 -0.000050 1.054655
0.016166 -0.001779 0.000050 2.828131
0.001227 0.011466 0.011469 -0.350673
-0.009373 -0.010506 0.011506 2.161546
0.006793 -0.012286 0.011556 15.642972
-0.016811 -0.003919 0.005715 3.538081
0.015521 -0.007478 0.005815 -3.494159
-0.006856 0.012355 0.011444 -3.537521
0.009309 0.010576 0.011494 13.714748
0.016779 0.003953 0.005784 -0.068644
0.000000 0.000000 0.000000 4.637636
-0.003637 0.007273 0.000000 -10.078152
0.007273 0.003637 0.000000 6.054899
-0.007273 -0.003637 0.000000 2.109415
0.003637 -0.007273 0.000000 14.012408
0.003637 0.010910 0.000000 -6.074759
-0.010910 0.003637 0.000000 8.247515
0.010910 -0.003637 0.000000 -8.495442
-0.003637 -0.010910 0.000000 -5.068290
-0.007273 0.014546 0.000000 2.237911
0.014546 0.007273 0.000000 10.958496
-0.014546 -0.007273 0.000000 -1.539568
0.007273 -0.014546 0.000000 3.954895
-0.000000 0.018183 0.000000 -23.432114
0.010910 0.014546 0.000000 11.419087
-0.014546 0.010910 0.000000 -14.210472
-0.018183 -0.000000 0.000000 -5.247926
0.018183 0.000000 0.000000 8.622290
-0.010910 -0.014546 0.000000 6.749294
0.014546 -0.010910 0.000000 -1.727687
0.000000 0.000000 0.000000 -4.338810
0.003637 0.007273 0.000000 5.570771
-0.007273 0.003637 0.000000 -12.763881
0.007273 -0.003637 0.000000 -4.645321
-0.003637 -0.007273 0.000000 7.834961
-0.003637 0.010910 0.000000 -5.747312
0.010910 0.003637 0.000000 -7.213184
-0.010910 -0.003637 0.000000 5.989940
0.003637 -0.010910 0.000000 -4.468436
0.007273 0.014546 0.000000 -4.228471
-0.014546 0.007273 0.000000 -2.993933
0.014546 -0.007273 0.000000 10.079240
-0.007273 -0.014546 0.000000 3.015428
0.000000 0.018183 0.000000 -3.647282
0.014546 0.010910 0.000000 12.761482
-0.010910 0.014546 0.000000 -4.454410
0.018183 -0.000000 0.000000 8.081754
-0.018183 0.000000 0.000000 3.377301
0.010910 -0.014546 0.000000 0.333960
-0.014546 -0.010910 0.000000 3.325672
0.000000 0.000000 0.000000 1.343701
0.003637 0.007273 0.000000 0.345852
-0.007273 0.003637 0.000000 -10.343628
0.007273 -0.003637 0.000000 6.891068
-0.003637 -0.007273 0.000000 0.901848
-0.003637 0.010910 0.000000 5.834203
0.010910 0.003637 0.000000 5.967236
-0.010910 -0.003637 0.000000 -0.032776
0.003637 -0.010910 0.000000 5.807302
0.007273 0.014546 0.000000 9.749038
0.014546 -0.007273 0.000000 -9.088397
-0.014546 0.007273 0.000000 -2.070231
-0.007273 -0.014546 0.000000 6.435309
0.018183 -0.000000 0.000000 6.552105
0.000000 0.018183 0.000000 2.000428
-0.010910 0.014546 0.000000 9.930067
0.014546 0.010910 0.000000 -0.832898
0.010910 -0.014546 0.000000 -2.031680
-0.014546 -0.010910 0.000000 -7.085592
-0.018183 -0.000000 0.000000 5.573723
0.000000 0.000000 0.000000 1.998916
0.003637 -0.007273 0.000000 -7.920274
-0.007273 -0.003637 0.000000 -4.698042
-0.003637 0.007273 0.000000 -8.120482
0.007273 0.003637 0.000000 8.502890
-0.003637 -0.010910 0.000000 -3.811248
-0.010910 0.003637 0.000000 6.152889
0.010910 -0.003637 0.000000 -1.899705
0.003637 0.010910 0.000000 4.491888
0.014546 0.007273 0.000000 -9.411171
0.007273 -0.014546 0.000000 4.741700
-0.014546 -0.007273 0.000000 0.617841
-0.007273 0.014546 0.000000 -9.443204
0.018183 0.000000 0.000000 -7.781538
0.010910 0.014546 0.000000 -2.621345
0.000000 -0.018183 0.000000 -0.689535
-0.010910 -0.014546 0.000000 -10.194165
-0.018183 -0.000000 0.000000 1.866649
0.014547 -0.010910 0.000000 1.543325
-0.014547 0.010910 0.000000 -3.128769
0.000000 0.000000 0.000000 3.338277
-0.003637 0.007273 0.000000 -6.107256
0.007273 0.003637 -0.000000 -8.512333
-0.007273 -0.003637 0.000000 -9.757794
0.003637 -0.007273 0.000000 -6.470170
0.003637 0.010910 -0.000000 -1.290510
-0.010910 0.003637 0.000000 9.844008
0.010910 -0.003637 -0.000000 -9.072893
-0.003637 -0.010910 0.000000 4.005622
-0.007273 0.014546 0.000000 1.725548
0.014546 0.007273 -0.000000 1.652118
-0.014546 -0.007273 0.000000 4.349665
0.007273 -0.014546 0.000000 -2.217173
0.000000 0.018183 -0.000000 1.143791
-0.014546 0.010910 0.000000 -1.777504
0.010910 0.014546 -0.000000 -9.173095
-0.018183 -0.000000 0.000000 -1.273425
0.018183 -0.000000 -0.000000 -0.659034
0.014546 -0.010910 -0.000000 -13.674708
-0.010910 -0.014546 0.000000 8.841140
0.000000 0.000000 0.000000 -4.443407
0.003636 -0.007273 0.000000 20.663871
-0.003636 0.007273 0.000000 5.459280
0.007273 0.003636 0.000000 -12.042155
-0.007273 -0.003636 0.000000 2.836762
0.010910 -0.003637 0.000000 7.628311
-0.003637 -0.010910 0.000000 7.078377
0.003637 0.010910 0.000000 5.169013
-0.010910 0.003637 0.000000 -8.734762
-0.007273 0.014547 0.000000 12.223758
0.014547 0.007273 0.000000 1.474318
0.007273 -0.014547 0.000000 2.043946
-0.014547 -0.007273 0.000000 -1.573250
0.000000 0.018183 0.000000 20.649704
-0.014546 0.010910 0.000000 1.183600
0.018183 -0.000000 0.000000 1.086410
-0.010910 -0.014546 0.000000 1.789901
0.010910 0.014546 0.000000 8.447728
-0.018183 0.000000 0.000000 4.697017
0.014546 -0.010910 0.000000 -5.296999
0.000000 0.000000 0.000000 -12.959567
-0.003637 -0.007273 0.000000 -9.124655
0.003637 0.007273 0.000000 -9.209441
0.007273 -0.003637 0.000000 -5.235425
-0.007273 0.003637 0.000000 -6.596271
0.010910 0.003637 0.000000 -5.124290
0.003637 -0.010910 0.000000 -3.750143
-0.003637 0.010910 0.000000 -8.807976
-0.010910 -0.003637 0.000000 13.744251
0.014546 -0.007273 0.000000 -11.365092
-0.007273 -0.014546 0.000000 10.868034
-0.014546 0.007273 0.000000 0.902293
0.007273 0.014546 0.000000 1.078334
0.018183 -0.000000 0.000000 11.020268
0.010910 -0.014546 0.000000 3.187106
-0.010910 0.014546 0.000000 5.892323
-0.000000 -0.018183 0.000000 8.102592
-0.014546 -0.010910 0.000000 -3.676990
-0.018183 0.000000 0.000000 1.328448
0.014546 0.010910 0.000000 6.027743
0.000000 0.000000 0.000000 -18.279055
0.003637 0.007273 0.000000 4.020714
-0.007273 0.003637 0.000000 -2.308705
0.007273 -0.003637 0.000000 10.530442
-0.003637 -0.007273 0.000000 -2.352428
-0.003637 0.010910 0.000000 3.482169
0.010910 0.003637 0.000000 3.504580
-0.010910 -0.003637 0.000000 1.776562
0.003637 -0.010910 0.000000 1.467665
0.007273 0.014546 0.000000 -5.384599
-0.014546 0.007273 0.000000 8.348462
0.014546 -0.007273 0.000000 -6.940684
-0.007273 -0.014546 0.000000 -12.566624
-0.010910 0.014546 0.000000 10.272489
-0.000000 0.018183 0.000000 1.769782
0.014546 0.010910 0.000000 -1.434633
-0.018183 -0.000000 0.000000 -5.527337
0.018183 -0.000000 0.000000 3.109154
0.010910 -0.014546 0.000000 -10.054700
-0.014546 -0.010910 0.000000 12.416022
0.000000 0.000000 0.000000 -3.806080
-0.003637 -0.007273 0.000000 -4.597122
-0.007273 0.003637 0.000000 3.440126
0.007273 -0.003637 0.000000 -8.408320
0.003637 0.007273 0.000000 3.695670
-0.010910 -0.003636 0.000000 22.970313
0.003636 -0.010910 0.000000 -7.498482
-0.003636 0.010910 0.000000 -2.203750
0.010910 0.003637 0.000000 6.511539
-0.014546 0.007273 0.000000 -11.821633
0.014546 -0.007273 0.000000 -7.459749
0.007273 0.014546 0.000000 -5.666850
-0.007273 -0.014546 0.000000 -1.935829
-0.018183 0.000000 0.000000 -2.547125
0.010910 -0.014547 0.000000 -1.451939
-0.010910 0.014547 0.000000 -4.436844
0.000000 0.018183 0.000000 11.539413
0.014547 0.010910 0.000000 -6.100448
0.018183 -0.000000 0.000000 0.559693
-0.014547 -0.010910 0.000000 -1.217481
0.000000 0.000000 0.000000 1.673117
0.003637 0.007273 0.000000 9.950305
-0.007273 0.003637 -0.000000 8.159726
0.007273 -0.003637 0.000000 5.771446
-0.003637 -0.007273 0.000000 -1.665120
-0.003637 0.010910 -0.000000 10.471024
0.010910 0.003637 0.000000 -2.941766
-0.010910 -0.003637 -0.000000 3.352487
0.003637 -0.010910 0.000000 1.195134
0.007273 0.014546 0.000000 -4.402892
-0.014546 0.007273 -0.000000 -5.961300
0.014546 -0.007273 0.000000 4.092358
-0.007273 -0.014546 0.000000 2.547554
-0.000000 0.018183 -0.000000 -4.939524
0.014546 0.010910 0.000000 0.902354
-0.010910 0.014546 -0.000000 -6.983956
-0.018183 -0.000000 -0.000000 -5.839731
0.018183 0.000000 0.000000 2.511190
0.010910 -0.014546 0.000000 -2.067876
-0.014546 -0.010910 -0.000000 8.038910
0.000000 0.000000 0.000000 -4.187394
0.007273 0.003637 0.000000 -1.389579
-0.007273 -0.003637 0.000000 15.391752
-0.003637 0.007273 0.000000 3.720460
0.003637 -0.007273 0.000000 0.486897
-0.010910 0.003637 0.000000 -6.984581
0.003637 0.010910 0.000000 10.568903
0.010910 -0.003637 0.000000 -2.465149
-0.003637 -0.010910 0.000000 -10.763922
-0.007273 0.014546 0.000000 -6.016505
-0.014546 -0.007273 0.000000 5.468062
0.014546 0.007273 0.000000 -5.026856
0.007273 -0.014546 0.000000 -1.381438
-0.000000 0.018183 0.000000 -1.620468
-0.014546 0.010910 0.000000 -8.143369
0.010910 0.014546 0.000000 1.607133
0.018183 0.000000 0.000000 2.925076
-0.018183 -0.000000 0.000000 -0.081935
-0.010910 -0.014546 0.000000 0.988758
0.014546 -0.010910 0.000000 1.802726
0.000000 0.000000 0.000000 -11.184302
-0.007273 -0.003637 0.000000 0.061385
0.003637 -0.007273 0.000000 8.064300
0.007273 0.003637 0.000000 10.245454
-0.003637 0.007273 0.000000 4.234133
-0.003637 -0.010910 0.000000 -3.385113
0.010910 -0.003637 0.000000 -10.182788
-0.010910 0.003637 0.000000 -6.770021
0.003637 0.010910 0.000000 -4.398608
-0.014546 -0.007273 0.000000 -6.484199
0.014546 0.007273 0.000000 3.860974
0.007273 -0.014546 0.000000 11.934999
-0.007273 0.014546 0.000000 1.000296
-0.010910 -0.014546 0.000000 0.975201
0.000000 -0.018183 0.000000 -14.213314
-0.018183 -0.000000 0.000000 8.804949
0.014546 -0.010910 0.000000 -5.480205
0.018183 0.000000 0.000000 2.111104
0.010910 0.014546 0.000000 -0.221412
-0.014546 0.010910 0.000000 10.857951
0.000000 0.000000 0.000000 3.419962
-0.007273 -0.003637 0.000000 0.121491
0.007273 0.003637 0.000000 -4.119651
-0.003637 0.007273 0.000000 11.927237
0.003637 -0.007273 0.000000 -15.473863
-0.010910 0.003637 0.000000 4.227314
0.003637 0.010910 0.000000 -3.160925
0.010910 -0.003637 0.000000 7.620066
-0.003637 -0.010910 0.000000 -1.357402
-0.007273 0.014546 0.000000 -0.479182
0.014546 0.007273 0.000000 8.800490
-0.014546 -0.007273 0.000000 -11.616604
0.007273 -0.014546 0.000000 10.425187
-0.000000 0.018183 0.000000 -8.622416
-0.014546 0.010910 0.000000 11.880302
-0.018183 -0.000000 0.000000 -4.591139
0.010910 0.014546 0.000000 9.083818
-0.010910 -0.014546 0.000000 -4.128458
0.018183 0.000000 0.000000 8.517202
0.014546 -0.010910 0.000000 -5.832930
0.000000 0.000000 0.000000 -8.801094
0.007273 0.003637 0.000000 5.013642
-0.003637 0.007273 0.000000 7.655013
0.003637 -0.007273 0.000000 1.835266
-0.007273 -0.003637 0.000000 8.982855
0.010910 -0.003637 0.000000 -8.972907
0.003637 0.010910 0.000000 -4.849563
-0.003637 -0.010910 0.000000 0.116073
-0.010910 0.003637 0.000000 9.051155
0.014546 0.007273 0.000000 11.642906
-0.007273 0.014546 0.000000 16.723572
0.007273 -0.014546 0.000000 27.120758
-0.014546 -0.007273 0.000000 -4.418006
0.010910 0.014546 0.000000 -8.790779
0.018183 -0.000000 0.000000 -11.792795
-0.000000 0.018183 0.000000 0.784071
0.014546 -0.010910 0.000000 -0.977849
-0.010910 -0.014546 0.000000 -13.761720
-0.018183 -0.000000 0.000000 -11.855509
-0.014547 0.010910 0.000000 3.142572
