0.000000 0.000000 0.000000
-0.007747 -0.001823 0.000344
0.007763 0.002110 -0.000128
0.002737 -0.011555 0.000333
-0.002752 0.012230 0.000603
0.010483 -0.009712 -0.000066
-0.010491 0.010058 0.000655
-0.005023 -0.013988 -0.000513
0.005024 0.014012 0.000301
-0.015518 -0.003964 -0.000097
0.015508 0.004250 0.000199
-0.009841 0.013123 0.001129
-0.018250 0.007571 -0.000136
0.018248 -0.007597 0.000135
-0.012775 -0.015842 -0.000219
0.012761 0.016171 0.000194
-0.017761 0.010771 0.000572
0.005478 -0.022735 0.002055
-0.023280 -0.006106 -0.000241
0.023288 0.006077 -0.000337
