0.000000 0.000000 0.000000 2.447341
-0.003175 0.008745 0.000291 4.138503
0.003573 -0.009205 -0.000518 -4.975292
-0.010741 -0.003088 -0.000290 1.931307
0.011003 0.002578 0.000862 -1.271940
0.007526 0.011814 0.000634 1.005604
-0.007023 -0.012767 0.000888 8.572999
-0.013928 0.005655 0.000225 3.692898
0.014186 -0.006118 -0.000247 -17.464853
-0.006371 0.017484 0.000895 1.454038
0.004634 0.020107 0.001550 3.131093
0.007489 -0.019408 0.001875 -1.291288
-0.021213 -0.006656 0.000386 -7.211949
-0.017113 0.014397 0.000896 5.102767
0.022022 0.005241 0.001272 -13.924762
0.018835 0.013981 0.001833 -0.635258
0.017902 -0.015816 0.000736 -10.746843
-0.017215 -0.016753 0.002650 -3.063320
-0.024158 0.001572 0.001119 -0.989178
0.025149 -0.003436 0.000480 5.654303
