0.000000 0.000000 0.000000
0.007531 0.006567 -0.000637
-0.008932 -0.007034 -0.000424
0.009802 -0.007409 -0.000132
-0.008264 0.009896 -0.003155
0.000897 -0.014488 -0.000716
-0.013279 0.006234 -0.002536
0.016727 -0.001087 -0.001624
0.014428 0.012886 -0.002121
0.001836 0.019393 -0.003995
-0.020859 -0.000328 -0.001802
-0.017703 0.010777 -0.003647
-0.017870 -0.014059 -0.001134
-0.008598 -0.021452 -0.003253
0.018317 -0.015376 -0.002111
0.023633 0.005210 -0.003151
0.009388 -0.022444 -0.002715
0.000848 -0.025144 -0.003352
-0.007892 -0.023823 -0.004209
0.025239 -0.009083 -0.003556
