0.000000 0.000000 0.000000
0.005448 -0.005817 -0.000093
-0.005459 0.005841 0.000271
0.008529 0.008074 0.000574
-0.009335 -0.008697 0.001808
0.013999 0.002259 0.000681
0.003271 0.014107 0.000015
-0.003327 -0.014133 0.000316
-0.014961 -0.003130 0.003201
0.010928 -0.011642 0.000172
-0.010965 0.011643 0.000044
0.019281 -0.003747 0.001456
0.002362 -0.019850 -0.000288
-0.001993 0.020141 -0.000815
-0.020432 0.002707 0.003161
0.016827 0.015915 0.002488
0.016202 -0.017657 0.000915
-0.016439 0.017488 -0.000003
-0.017929 -0.016684 0.000907
0.022251 0.010082 0.002837
