0.000000 0.000000 0.000000
-0.006578 -0.004500 0.000052
0.006572 0.004556 0.000302
-0.006703 0.009692 -0.000267
0.006842 -0.009866 0.001474
-0.000010 0.014061 0.000568
-0.013272 0.005155 -0.000412
0.013386 -0.005149 0.000891
0.000478 -0.014878 0.002978
-0.013192 -0.008996 0.000281
0.013274 0.008913 0.001106
0.006700 0.018445 0.001471
0.019750 -0.000560 0.000034
-0.019998 0.000829 -0.001034
-0.005950 -0.019500 0.004353
-0.013277 0.019148 0.000878
0.013300 -0.019181 -0.000360
-0.019746 -0.013577 0.000019
0.019964 0.013276 0.002302
0.019482 -0.013968 -0.003385
