0.000000 0.000000 0.000000
0.000355 0.007997 0.000236
-0.000344 -0.008021 -0.000145
-0.011004 0.000201 0.000518
0.011279 -0.000123 0.000347
-0.010673 0.008223 0.000676
-0.011346 -0.007806 0.000455
0.011177 -0.008077 0.000759
0.011904 0.007966 0.001146
-0.000483 -0.015945 0.000512
0.000967 0.016082 0.001174
-0.010303 0.016244 0.001006
0.011065 -0.016012 0.001475
-0.011489 -0.015784 0.000848
0.012267 0.015973 0.001690
-0.021973 0.000390 0.001565
0.023130 -0.000123 0.002058
-0.021674 0.008447 0.001461
-0.022101 -0.007523 0.002074
-0.000331 -0.023849 0.001831
