0.000000 0.000000 0.000000
-0.000905 0.007788 0.001233
0.001252 -0.008237 -0.000166
-0.011389 -0.001413 0.000475
0.012559 0.000543 0.001934
-0.010096 -0.009238 0.000994
-0.012946 0.006907 -0.000595
0.013078 -0.007378 0.000128
0.012121 0.008304 0.004912
-0.001629 0.015655 0.002010
0.002649 -0.016310 0.000585
-0.008337 -0.017750 0.002860
0.010798 0.016466 0.005090
-0.014346 0.014959 -0.001513
0.014543 -0.015226 0.001532
-0.021835 -0.003174 0.004445
-0.020458 -0.011276 0.005163
-0.023382 0.005179 0.003280
-0.003352 0.023920 0.001017
0.024304 0.001854 0.002697
