0.000000 0.000000 0.000000
0.000125 0.008446 0.000129
-0.000109 -0.008446 -0.000128
-0.010800 0.000654 0.000033
0.010941 -0.000922 -0.000627
0.011152 0.007259 -0.001004
-0.010908 -0.007800 -0.000111
-0.010668 0.009094 0.000077
0.010811 -0.009382 -0.000394
0.000250 0.016818 -0.000081
-0.000114 -0.017171 -0.000811
0.011300 0.015696 -0.001273
-0.011015 -0.016218 -0.000368
-0.010542 0.017482 -0.000140
0.010704 -0.017824 -0.000659
-0.021490 0.000993 -0.000981
0.021625 -0.001297 0.000238
-0.021697 -0.007159 -0.000430
0.021847 0.006851 -0.000506
-0.021360 0.009440 -0.001012
