0.000000 0.000000 0.000000 6.799996
0.003637 0.007273 0.000000 -8.257983
-0.003637 -0.007273 0.000000 3.160963
-0.007273 0.003637 0.000000 1.781170
0.007273 -0.003637 0.000000 -0.805641
-0.010910 -0.003637 0.000000 -9.982803
-0.003637 0.010910 0.000000 -3.301048
0.003637 -0.010910 0.000000 0.293936
0.010910 0.003637 0.000000 -5.628390
0.007273 0.014546 0.000000 -7.438987
-0.014546 0.007273 0.000000 -4.403945
0.014546 -0.007273 0.000000 -12.345213
-0.007273 -0.014546 0.000000 11.124097
-0.000000 0.018183 0.000000 -2.493314
-0.018183 -0.000000 0.000000 -2.122582
-0.010910 0.014546 0.000000 6.637390
0.014546 0.010910 0.000000 -3.505818
-0.014546 -0.010910 0.000000 9.429176
0.018183 0.000000 0.000000 5.536374
0.010910 -0.014546 0.000000 10.902585
