0.000000 0.000000 0.000000
0.002993 0.007474 -0.000418
-0.004027 -0.007523 -0.000549
0.012908 -0.004022 0.000131
-0.013487 0.004000 -0.000821
0.008928 -0.011548 -0.000398
-0.009900 0.011492 -0.000808
0.005901 0.014925 -0.001610
0.015927 0.003408 -0.000253
-0.008102 -0.015074 -0.001134
-0.016984 -0.003446 -0.001180
0.004917 -0.019134 -0.000860
-0.006939 0.018966 -0.001678
0.018882 0.010904 -0.000923
-0.021023 -0.010932 -0.002293
0.008301 0.022393 -0.003189
0.024254 -0.008188 -0.001634
-0.012143 -0.022533 -0.002509
0.020738 -0.015635 -0.001876
-0.024842 0.008242 0.000177
