0.000000 0.000000 0.000000
0.003474 -0.007911 0.000493
-0.003894 0.008281 0.000795
-0.012073 -0.003972 0.000000
0.012442 0.003665 -0.000940
-0.008589 -0.011908 0.000333
0.008966 0.011587 -0.001211
0.015954 -0.004254 -0.000610
-0.015960 0.004331 0.000700
0.006966 -0.015805 0.000852
0.010686 0.014257 -0.001694
-0.007705 0.016542 0.001920
-0.005144 -0.019809 0.000811
0.005113 0.019849 -0.000130
0.019039 -0.011855 0.000587
-0.024550 -0.002340 -0.001170
-0.020635 0.013270 0.003694
-0.023335 -0.008612 -0.001985
0.009660 -0.023138 0.002603
-0.019830 -0.016563 -0.001837
