0.000000 0.000000 0.000000
-0.000418 0.008500 0.000062
0.000434 -0.008521 0.000390
-0.011599 -0.000290 -0.000973
0.012163 -0.000827 -0.001273
0.011527 0.008097 -0.000748
-0.011181 -0.008789 -0.000857
-0.012213 0.008590 -0.000273
0.012416 -0.008979 0.000034
0.000835 -0.017059 0.000491
-0.001002 0.017406 0.001093
0.011206 0.016593 -0.000404
-0.010960 -0.016960 0.000420
0.012600 -0.017182 0.000766
-0.013041 0.017851 0.001392
-0.023229 -0.000492 -0.002754
0.024353 -0.001616 -0.002445
-0.022787 -0.009090 -0.002277
0.023923 0.006898 -0.002786
-0.023825 0.008350 -0.001692
