0.000000 0.000000 0.000000
-0.001306 0.003660 0.000342
0.010918 0.001847 -0.000323
0.000222 -0.011213 0.000330
0.009905 0.007181 -0.000008
-0.012232 -0.002119 0.000614
-0.003068 0.012956 0.000514
0.013779 -0.008884 -0.001406
-0.014507 0.008229 -0.000244
-0.010709 -0.013074 0.000689
0.008118 0.016482 -0.000505
-0.021233 -0.003571 -0.001231
0.001779 -0.022185 0.000618
0.022512 0.003824 -0.000832
-0.004752 0.022850 0.000600
0.021024 0.010132 -0.000954
-0.022140 0.007510 -0.001605
-0.016259 0.017528 -0.000682
-0.019073 -0.014456 -0.001555
0.024062 -0.007176 -0.000721
