0.000000 0.000000 0.000000
-0.002653 0.007020 0.000408
0.004727 -0.006372 0.001529
-0.004541 0.013964 0.002007
-0.014044 -0.006272 0.001486
-0.008607 -0.012351 0.004095
0.010180 -0.012454 0.003801
-0.017391 0.000916 0.000802
0.016750 0.007016 0.001353
0.008116 0.016421 0.002592
0.019431 0.000073 0.000816
-0.002460 -0.017998 0.007360
0.013508 0.014717 0.003263
0.014773 0.013611 0.003170
-0.020005 0.008270 0.001578
0.017348 0.013856 0.003366
-0.001903 0.020538 0.010543
-0.013901 0.018654 0.005279
-0.019363 0.014215 0.003152
-0.008077 0.022844 -0.000870
