0.000000 0.000000 0.000000
-0.005408 0.005923 0.000075
0.005421 -0.005968 0.000391
0.008322 0.008170 0.000009
-0.008335 -0.008204 -0.000394
0.013730 0.002246 0.000673
-0.013745 -0.002274 -0.000107
0.002871 0.014126 -0.000453
-0.002896 -0.014180 0.000156
-0.011206 0.011351 0.001373
0.010790 -0.011878 0.001093
0.018982 -0.003981 0.001870
-0.019510 0.003125 0.001459
-0.002789 0.019815 -0.000040
0.015591 -0.012690 0.001869
0.002365 -0.020422 0.001269
-0.016488 -0.016148 -0.000966
0.016809 0.016624 -0.000747
-0.017277 0.016554 0.003238
0.022059 0.010429 0.000627
