0.000000 0.000000 0.000000
-0.003953 0.002874 0.001960
-0.008908 -0.002315 -0.001996
0.001718 0.007577 0.006124
0.004681 -0.009976 0.007596
0.012532 0.005929 -0.001534
-0.004482 -0.012194 0.007113
0.012194 -0.006999 0.008824
0.015883 0.005832 0.004271
0.005921 0.013288 0.009902
-0.016254 0.005532 0.009227
-0.019726 -0.002753 0.001846
-0.013187 -0.014252 0.007018
0.018227 0.010615 0.002602
0.019983 -0.001669 0.007912
-0.012780 0.011793 0.012864
-0.021935 0.000835 0.005074
0.020260 -0.004320 0.009818
0.006246 -0.017521 0.015903
-0.007830 0.016985 0.016826
