0.000000 0.000000 0.000000 -11.216211
0.003637 0.007273 0.000000 1.224255
-0.007273 0.003637 0.000000 -3.242827
0.007273 -0.003637 0.000000 -10.687686
-0.003637 -0.007273 0.000000 6.901627
0.010910 0.003637 0.000000 -6.402763
-0.003637 0.010910 0.000000 -0.282643
-0.010910 -0.003637 0.000000 5.078293
0.003637 -0.010910 0.000000 0.820584
0.007273 0.014546 0.000000 -0.302797
0.014546 -0.007273 0.000000 0.849085
-0.014546 0.007273 0.000000 0.409849
-0.007273 -0.014546 0.000000 9.884892
0.018183 -0.000000 0.000000 -2.316972
0.014546 0.010910 0.000000 0.858328
0.000000 0.018183 0.000000 -15.698768
0.010910 -0.014546 0.000000 -0.185168
-0.010910 0.014546 0.000000 -5.709448
-0.018183 0.000000 0.000000 -0.349401
-0.014546 -0.010910 0.000000 -7.743009
