0.000000 0.000000 0.000000
0.003637 0.007273 0.000000
-0.007273 0.003637 0.000000
0.007273 -0.003637 0.000000
-0.003637 -0.007273 0.000000
-0.003637 0.010910 0.000000
0.010910 0.003637 0.000000
-0.010910 -0.003637 0.000000
0.003637 -0.010910 0.000000
0.007273 0.014546 0.000000
0.014546 -0.007273 0.000000
-0.014546 0.007273 0.000000
-0.007273 -0.014546 0.000000
-0.000000 0.018183 0.000000
0.014546 0.010910 0.000000
0.018183 0.000000 0.000000
0.010910 -0.014546 0.000000
-0.010910 0.014546 0.000000
-0.018183 -0.000000 0.000000
-0.014546 -0.010910 0.000000
