0.000000 0.000000 0.000000
0.004170 0.006673 -0.000544
-0.004842 -0.007624 -0.001689
-0.010331 0.004891 0.001697
0.009161 -0.007103 -0.001779
0.013741 -0.000268 -0.000235
-0.014511 -0.000490 -0.000741
0.004718 -0.013821 -0.003414
-0.009242 -0.014232 -0.003734
-0.003986 0.016346 -0.007330
0.018324 0.006303 -0.000717
0.009087 0.016447 -0.007546
-0.017261 0.010599 -0.001880
-0.018780 -0.007560 -0.002693
0.000313 -0.020048 -0.005854
0.020744 0.010359 -0.001997
0.018668 -0.013823 -0.002531
0.022323 0.007162 -0.000497
0.023102 -0.007108 -0.000749
-0.023835 0.005850 -0.000100
