0.000000 0.000000 0.000000
0.002342 -0.007678 0.000502
-0.002350 0.007746 0.000117
0.011465 -0.001829 -0.000190
0.011300 0.002948 -0.000957
0.008560 0.010663 -0.001869
-0.014193 -0.003085 -0.004415
-0.004711 0.015447 0.000049
-0.011859 -0.010769 -0.004157
-0.015713 0.004655 -0.002836
0.005481 -0.015638 0.002417
0.015474 -0.009125 0.001602
0.006226 0.018396 -0.002037
-0.016841 0.012456 -0.000563
0.020932 0.003679 -0.003370
-0.009868 -0.018482 -0.004993
0.021544 0.005984 -0.004283
0.018741 0.013572 -0.005623
-0.006684 0.023184 0.000670
0.024892 -0.004149 -0.001686
