0.000000 0.000000 0.000000
-0.007594 -0.002256 -0.000521
0.007696 0.002214 0.000339
-0.003555 0.012584 -0.001085
0.004075 -0.013752 -0.000965
-0.011218 0.010373 -0.001632
0.003992 0.015332 -0.000172
-0.003809 -0.015432 -0.000004
-0.015134 -0.004979 -0.001487
0.015662 0.003829 -0.000721
0.011952 -0.012091 -0.001520
-0.018752 0.007649 -0.002701
-0.011516 -0.017620 -0.000299
0.011670 0.017550 -0.000195
0.020192 -0.011494 -0.003751
-0.022613 -0.007735 -0.002778
0.023888 0.004447 -0.002946
-0.007344 0.025746 -0.001555
-0.026097 0.004362 -0.004690
0.026650 0.002244 -0.004376
